


getGoogleNet_v1_2like

Doing: 1
(?, 111, 111, 64)
(?, 56, 56, 64)
(?, 56, 56, 192)
(?, 28, 28, 192)
(?, 28, 28, 256)
(?, 28, 28, 480)
(?, 14, 14, 480)
(?, 14, 14, 512)
(?, 17)
(?, 14, 14, 512)
(?, 14, 14, 512)
(?, 14, 14, 528)
(?, 17)
(?, 14, 14, 832)
(?, 7, 7, 832)
(?, 7, 7, 832)
(?, 7, 7, 1024)
(?, 1, 1, 1024)
(?, 1000)
(?, 17)
0.0721  0.0897  0.1000
0.0706  0.0853  0.1088
0.0647  0.0971  0.1000
1  trn_acc: 0.0721  val_acc: 0.0706  tst_acc: 0.0647
0.1191  0.1368  0.1603
0.1118  0.1294  0.1382
0.1176  0.1412  0.1441
2  trn_acc: 0.1191  val_acc: 0.1118  tst_acc: 0.1176
0.0824  0.1294  0.1559
0.0882  0.1529  0.1441
0.0882  0.1412  0.1471
3  trn_acc: 0.0824  val_acc: 0.0882  tst_acc: 0.0882
0.1412  0.1897  0.2588
0.1176  0.1794  0.2235
0.1412  0.1912  0.2382
4  trn_acc: 0.1412  val_acc: 0.1176  tst_acc: 0.1412
0.1941  0.2206  0.2456
0.1735  0.2088  0.2206
0.1941  0.2265  0.2353
5  trn_acc: 0.1941  val_acc: 0.1735  tst_acc: 0.1941
0.1926  0.2941  0.3515
0.1794  0.2765  0.3000
0.1735  0.2941  0.3235
6  trn_acc: 0.1926  val_acc: 0.1794  tst_acc: 0.1735
0.1059  0.1324  0.1971
0.0971  0.1265  0.1971
0.0912  0.1265  0.1765
7  trn_acc: 0.1059  val_acc: 0.0971  tst_acc: 0.0912
0.2897  0.3691  0.3676
0.2529  0.3147  0.3235
0.2618  0.3441  0.3647
8  trn_acc: 0.2897  val_acc: 0.2529  tst_acc: 0.2618
0.2647  0.3691  0.4000
0.2353  0.3059  0.3735
0.2382  0.3088  0.3676
9  trn_acc: 0.2647  val_acc: 0.2353  tst_acc: 0.2382
0.2941  0.3250  0.3603
0.2794  0.3088  0.3294
0.2853  0.3206  0.3559
10  trn_acc: 0.2941  val_acc: 0.2794  tst_acc: 0.2853
0.2971  0.3735  0.4000
0.2676  0.3382  0.3647
0.3059  0.3706  0.3853
11  trn_acc: 0.2971  val_acc: 0.2676  tst_acc: 0.3059
0.3515  0.4176  0.4382
0.2912  0.3412  0.4029
0.3088  0.3941  0.4118
12  trn_acc: 0.3515  val_acc: 0.2912  tst_acc: 0.3088
0.4353  0.4838  0.5074
0.3794  0.4294  0.4353
0.4382  0.4676  0.4588
13  trn_acc: 0.4353  val_acc: 0.3794  tst_acc: 0.4382
0.4279  0.4985  0.4824
0.3824  0.4206  0.4118
0.3618  0.4412  0.4176
14  trn_acc: 0.4279  val_acc: 0.3824  tst_acc: 0.3618
0.4382  0.5103  0.5750
0.4000  0.4529  0.4882
0.4118  0.4618  0.5235
15  trn_acc: 0.4382  val_acc: 0.4000  tst_acc: 0.4118
0.4368  0.5647  0.5985
0.4206  0.4676  0.5206
0.4500  0.5147  0.5382
16  trn_acc: 0.4368  val_acc: 0.4206  tst_acc: 0.4500
0.4647  0.5500  0.5779
0.4265  0.4882  0.4853
0.4647  0.5176  0.5412
17  trn_acc: 0.4647  val_acc: 0.4265  tst_acc: 0.4647
0.5015  0.5985  0.6353
0.4765  0.5029  0.5441
0.5000  0.5294  0.5647
18  trn_acc: 0.5015  val_acc: 0.4765  tst_acc: 0.5000
0.5250  0.6074  0.6618
0.4706  0.5176  0.5471
0.5118  0.5382  0.5853
19  trn_acc: 0.5250  val_acc: 0.4706  tst_acc: 0.5118
0.4824  0.5515  0.5838
0.4265  0.4647  0.4882
0.4353  0.4618  0.4794
20  trn_acc: 0.4824  val_acc: 0.4265  tst_acc: 0.4353
0.4706  0.5632  0.6338
0.3882  0.4735  0.5324
0.4176  0.4824  0.5618
21  trn_acc: 0.4706  val_acc: 0.3882  tst_acc: 0.4176
0.5632  0.6691  0.6750
0.4941  0.5676  0.5706
0.5441  0.6324  0.6029
22  trn_acc: 0.5632  val_acc: 0.4941  tst_acc: 0.5441
0.6221  0.6882  0.6985
0.5235  0.5853  0.5912
0.5647  0.6000  0.6118
23  trn_acc: 0.6221  val_acc: 0.5235  tst_acc: 0.5647
0.5809  0.6515  0.6721
0.5176  0.5588  0.5559
0.5294  0.6029  0.6059
24  trn_acc: 0.5809  val_acc: 0.5176  tst_acc: 0.5294
0.6176  0.7176  0.7632
0.5147  0.5824  0.5853
0.5441  0.6412  0.6471
25  trn_acc: 0.6176  val_acc: 0.5147  tst_acc: 0.5441
0.6662  0.7412  0.7809
0.5529  0.6176  0.6412
0.6029  0.6471  0.6588
26  trn_acc: 0.6662  val_acc: 0.5529  tst_acc: 0.6029
0.7059  0.7412  0.7706
0.5941  0.5735  0.6147
0.6088  0.6353  0.6735
27  trn_acc: 0.7059  val_acc: 0.5941  tst_acc: 0.6088
0.7132  0.7324  0.7515
0.5941  0.5912  0.5853
0.6235  0.6647  0.6794
28  trn_acc: 0.7132  val_acc: 0.5941  tst_acc: 0.6235
0.7044  0.7559  0.7721
0.5882  0.5824  0.6029
0.6147  0.6588  0.6618
29  trn_acc: 0.7044  val_acc: 0.5882  tst_acc: 0.6147
0.6912  0.7529  0.7941
0.5794  0.5853  0.5912
0.6059  0.6382  0.6529
30  trn_acc: 0.6912  val_acc: 0.5794  tst_acc: 0.6059
0.7603  0.8206  0.8412
0.6059  0.6206  0.6559
0.6588  0.6529  0.6824
31  trn_acc: 0.7603  val_acc: 0.6059  tst_acc: 0.6588
0.7632  0.8176  0.8265
0.6382  0.6441  0.6647
0.6618  0.6882  0.7206
32  trn_acc: 0.7632  val_acc: 0.6382  tst_acc: 0.6618
0.7456  0.8059  0.8191
0.6412  0.6353  0.6324
0.6794  0.6824  0.6941
33  trn_acc: 0.7456  val_acc: 0.6412  tst_acc: 0.6794
0.7676  0.7735  0.8250
0.6118  0.6353  0.6735
0.6618  0.6559  0.7029
34  trn_acc: 0.7676  val_acc: 0.6118  tst_acc: 0.6618
0.7838  0.8206  0.8500
0.6206  0.6147  0.6471
0.6676  0.7029  0.7088
35  trn_acc: 0.7838  val_acc: 0.6206  tst_acc: 0.6676
0.8397  0.8676  0.8721
0.6529  0.6441  0.6559
0.6882  0.6941  0.7235
36  trn_acc: 0.8397  val_acc: 0.6529  tst_acc: 0.6882
0.8382  0.8765  0.8838
0.6412  0.6382  0.6794
0.6794  0.7088  0.7235
37  trn_acc: 0.8382  val_acc: 0.6412  tst_acc: 0.6794
0.8103  0.8735  0.8544
0.6235  0.6500  0.6382
0.6647  0.6735  0.6941
38  trn_acc: 0.8103  val_acc: 0.6235  tst_acc: 0.6647
0.8426  0.9015  0.8735
0.6588  0.6794  0.6941
0.7088  0.7059  0.7471
39  trn_acc: 0.8426  val_acc: 0.6588  tst_acc: 0.7088
0.8397  0.8706  0.8662
0.6618  0.6353  0.6500
0.7088  0.7206  0.7324
40  trn_acc: 0.8397  val_acc: 0.6618  tst_acc: 0.7088
0.8574  0.8618  0.8721
0.6265  0.6412  0.6471
0.6853  0.7235  0.7147
41  trn_acc: 0.8574  val_acc: 0.6265  tst_acc: 0.6853
0.9191  0.9426  0.9221
0.6735  0.6676  0.6618
0.7265  0.7294  0.7324
42  trn_acc: 0.9191  val_acc: 0.6735  tst_acc: 0.7265
0.9059  0.9176  0.9059
0.6824  0.6941  0.6912
0.7059  0.7118  0.7471
43  trn_acc: 0.9059  val_acc: 0.6824  tst_acc: 0.7059
0.8853  0.9044  0.9147
0.6706  0.6471  0.7000
0.6882  0.6941  0.7324
44  trn_acc: 0.8853  val_acc: 0.6706  tst_acc: 0.6882
0.8912  0.9353  0.9176
0.6588  0.6618  0.6765
0.6971  0.7235  0.7324
45  trn_acc: 0.8912  val_acc: 0.6588  tst_acc: 0.6971
0.9147  0.9529  0.9441
0.6676  0.7118  0.7176
0.6735  0.7441  0.7471
46  trn_acc: 0.9147  val_acc: 0.6676  tst_acc: 0.6735
0.9235  0.9676  0.9338
0.6647  0.7029  0.7000
0.7176  0.7559  0.7706
47  trn_acc: 0.9235  val_acc: 0.6647  tst_acc: 0.7176
0.9618  0.9559  0.9412
0.7000  0.6647  0.6618
0.7147  0.7412  0.7382
48  trn_acc: 0.9618  val_acc: 0.7000  tst_acc: 0.7147
0.9397  0.9618  0.9544
0.6735  0.7059  0.7088
0.7088  0.7441  0.7559
49  trn_acc: 0.9397  val_acc: 0.6735  tst_acc: 0.7088
0.9485  0.9515  0.9471
0.7059  0.6853  0.6647
0.7147  0.7147  0.7529
50  trn_acc: 0.9485  val_acc: 0.7059  tst_acc: 0.7147
0.9574  0.9779  0.9574
0.6853  0.7235  0.7088
0.7471  0.7559  0.7618
51  trn_acc: 0.9574  val_acc: 0.6853  tst_acc: 0.7471
0.9324  0.9809  0.9588
0.7088  0.7206  0.7118
0.7000  0.7382  0.7559
52  trn_acc: 0.9324  val_acc: 0.7088  tst_acc: 0.7000
0.9691  0.9853  0.9824
0.7265  0.7235  0.7206
0.7059  0.7176  0.7588
53  trn_acc: 0.9691  val_acc: 0.7265  tst_acc: 0.7059
0.9588  0.9779  0.9632
0.7118  0.7176  0.7206
0.7059  0.7412  0.7676
54  trn_acc: 0.9588  val_acc: 0.7118  tst_acc: 0.7059
0.9912  0.9971  0.9838
0.7118  0.7471  0.7294
0.7559  0.7500  0.7794
55  trn_acc: 0.9912  val_acc: 0.7118  tst_acc: 0.7559
0.9926  0.9971  0.9794
0.7206  0.7265  0.7294
0.7529  0.7500  0.7735
56  trn_acc: 0.9926  val_acc: 0.7206  tst_acc: 0.7529
0.8147  0.8794  0.9000
0.6118  0.6412  0.6265
0.6294  0.6882  0.7147
57  trn_acc: 0.8147  val_acc: 0.6118  tst_acc: 0.6294
0.9500  0.9794  0.9647
0.6794  0.6853  0.6912
0.7147  0.7412  0.7353
58  trn_acc: 0.9500  val_acc: 0.6794  tst_acc: 0.7147
0.9441  0.9779  0.9765
0.6765  0.7206  0.7147
0.7324  0.7382  0.7588
59  trn_acc: 0.9441  val_acc: 0.6765  tst_acc: 0.7324
0.9838  0.9941  0.9853
0.7118  0.7235  0.7118
0.7324  0.7529  0.7588
60  trn_acc: 0.9838  val_acc: 0.7118  tst_acc: 0.7324
0.8735  0.8721  0.9074
0.6618  0.6500  0.6853
0.6647  0.6706  0.7206
61  trn_acc: 0.8735  val_acc: 0.6618  tst_acc: 0.6647
0.9397  0.9662  0.9691
0.6882  0.7176  0.7059
0.7471  0.7382  0.7618
62  trn_acc: 0.9397  val_acc: 0.6882  tst_acc: 0.7471
0.9779  0.9765  0.9632
0.6824  0.7059  0.6882
0.7206  0.7353  0.7088
63  trn_acc: 0.9779  val_acc: 0.6824  tst_acc: 0.7206
0.9206  0.9426  0.9441
0.6471  0.6500  0.6735
0.7118  0.7118  0.7412
64  trn_acc: 0.9206  val_acc: 0.6471  tst_acc: 0.7118
0.9985  1.0000  0.9853
0.7059  0.7265  0.7029
0.7559  0.7588  0.7324
65  trn_acc: 0.9985  val_acc: 0.7059  tst_acc: 0.7559
0.9897  0.9897  0.9838
0.7206  0.7029  0.7147
0.7294  0.7265  0.7353
66  trn_acc: 0.9897  val_acc: 0.7206  tst_acc: 0.7294
0.9235  0.9794  0.9809
0.6559  0.6824  0.6971
0.7265  0.7441  0.7794
67  trn_acc: 0.9235  val_acc: 0.6559  tst_acc: 0.7265
0.9853  0.9691  0.9676
0.6941  0.6794  0.6765
0.7353  0.7265  0.7382
68  trn_acc: 0.9853  val_acc: 0.6941  tst_acc: 0.7353
0.9985  0.9985  1.0000
0.7029  0.7176  0.7324
0.7529  0.7500  0.7647
69  trn_acc: 0.9985  val_acc: 0.7029  tst_acc: 0.7529
0.9956  0.9985  0.9882
0.7147  0.7324  0.7294
0.7647  0.7588  0.7647
70  trn_acc: 0.9956  val_acc: 0.7147  tst_acc: 0.7647
1.0000  1.0000  0.9985
0.7324  0.7412  0.7294
0.7529  0.7706  0.7706
71  trn_acc: 1.0000  val_acc: 0.7324  tst_acc: 0.7529
0.9779  0.9941  0.9941
0.6971  0.7265  0.7029
0.7265  0.7412  0.7647
72  trn_acc: 0.9779  val_acc: 0.6971  tst_acc: 0.7265
0.9779  0.9824  0.9809
0.6706  0.7059  0.6912
0.7206  0.7353  0.7471
73  trn_acc: 0.9779  val_acc: 0.6706  tst_acc: 0.7206
0.7868  0.7735  0.8250
0.6265  0.6412  0.6382
0.6382  0.6324  0.6853
74  trn_acc: 0.7868  val_acc: 0.6265  tst_acc: 0.6382
0.9971  0.9985  0.9985
0.7000  0.7294  0.7176
0.7706  0.7824  0.7853
75  trn_acc: 0.9971  val_acc: 0.7000  tst_acc: 0.7706
0.9971  1.0000  0.9926
0.7206  0.7118  0.7088
0.7471  0.7647  0.7647
76  trn_acc: 0.9971  val_acc: 0.7206  tst_acc: 0.7471
0.9971  0.9971  1.0000
0.7147  0.7235  0.7294
0.7412  0.7647  0.7618
77  trn_acc: 0.9971  val_acc: 0.7147  tst_acc: 0.7412
0.9750  0.9897  0.9838
0.7088  0.7118  0.7088
0.7353  0.7647  0.7588
78  trn_acc: 0.9750  val_acc: 0.7088  tst_acc: 0.7353
0.9985  1.0000  1.0000
0.7382  0.7353  0.7235
0.7735  0.7647  0.7706
79  trn_acc: 0.9985  val_acc: 0.7382  tst_acc: 0.7735
0.9971  1.0000  1.0000
0.7471  0.7324  0.7324
0.7471  0.7588  0.7882
80  trn_acc: 0.9971  val_acc: 0.7471  tst_acc: 0.7471
0.9971  1.0000  0.9985
0.7412  0.7441  0.7441
0.7353  0.7647  0.7706
81  trn_acc: 0.9971  val_acc: 0.7412  tst_acc: 0.7353
0.9971  0.9971  0.9956
0.7441  0.7324  0.7059
0.7500  0.7471  0.7618
82  trn_acc: 0.9971  val_acc: 0.7441  tst_acc: 0.7500
0.9882  0.9882  0.9926
0.7176  0.7029  0.7235
0.7353  0.7382  0.7500
83  trn_acc: 0.9882  val_acc: 0.7176  tst_acc: 0.7353
1.0000  1.0000  0.9985
0.7324  0.7471  0.7324
0.7559  0.7647  0.7647
84  trn_acc: 1.0000  val_acc: 0.7324  tst_acc: 0.7559
0.9926  0.9941  0.9941
0.7059  0.7265  0.7176
0.7353  0.7588  0.7676
85  trn_acc: 0.9926  val_acc: 0.7059  tst_acc: 0.7353
1.0000  0.9985  1.0000
0.7353  0.7412  0.7118
0.7588  0.7676  0.7676
86  trn_acc: 1.0000  val_acc: 0.7353  tst_acc: 0.7588
0.9971  1.0000  1.0000
0.7235  0.7382  0.7206
0.7471  0.7529  0.7735
87  trn_acc: 0.9971  val_acc: 0.7235  tst_acc: 0.7471
0.9971  1.0000  1.0000
0.7324  0.7294  0.7324
0.7471  0.7706  0.7647
88  trn_acc: 0.9971  val_acc: 0.7324  tst_acc: 0.7471
0.9985  1.0000  0.9985
0.7176  0.7441  0.7088
0.7500  0.7588  0.7529
89  trn_acc: 0.9985  val_acc: 0.7176  tst_acc: 0.7500
1.0000  1.0000  1.0000
0.7353  0.7471  0.7324
0.7559  0.7559  0.7647
90  trn_acc: 1.0000  val_acc: 0.7353  tst_acc: 0.7559
1.0000  1.0000  0.9985
0.7500  0.7588  0.7382
0.7647  0.7471  0.7765
91  trn_acc: 1.0000  val_acc: 0.7500  tst_acc: 0.7647
0.9882  0.9941  0.9971
0.7147  0.7265  0.7353
0.7324  0.7559  0.7529
92  trn_acc: 0.9882  val_acc: 0.7147  tst_acc: 0.7324
1.0000  1.0000  1.0000
0.7324  0.7412  0.7176
0.7412  0.7559  0.7676
93  trn_acc: 1.0000  val_acc: 0.7324  tst_acc: 0.7412
0.9662  0.9721  0.9838
0.6735  0.6735  0.6941
0.7206  0.7324  0.7441
94  trn_acc: 0.9662  val_acc: 0.6735  tst_acc: 0.7206
0.9721  0.9824  0.9926
0.6765  0.7029  0.7059
0.7265  0.7588  0.7588
95  trn_acc: 0.9721  val_acc: 0.6765  tst_acc: 0.7265
1.0000  1.0000  0.9985
0.7441  0.7471  0.7265
0.7676  0.7765  0.7765
96  trn_acc: 1.0000  val_acc: 0.7441  tst_acc: 0.7676
0.9912  0.9985  1.0000
0.7176  0.7265  0.7294
0.7412  0.7529  0.7500
97  trn_acc: 0.9912  val_acc: 0.7176  tst_acc: 0.7412
0.9985  1.0000  1.0000
0.7382  0.7471  0.7412
0.7441  0.7588  0.7706
98  trn_acc: 0.9985  val_acc: 0.7382  tst_acc: 0.7441
0.9985  1.0000  1.0000
0.7294  0.7206  0.7235
0.7412  0.7559  0.7794
99  trn_acc: 0.9985  val_acc: 0.7294  tst_acc: 0.7412
0.8118  0.8985  0.9529
0.6235  0.6500  0.6647
0.6471  0.6824  0.7029
100  trn_acc: 0.8118  val_acc: 0.6235  tst_acc: 0.6471
1.0000  1.0000  0.9985
0.7412  0.7206  0.7176
0.7706  0.7647  0.7500
101  trn_acc: 1.0000  val_acc: 0.7412  tst_acc: 0.7706
1.0000  1.0000  1.0000
0.7294  0.7265  0.7176
0.7618  0.7676  0.7618
102  trn_acc: 1.0000  val_acc: 0.7294  tst_acc: 0.7618
0.9985  0.9956  1.0000
0.7118  0.7235  0.7118
0.7294  0.7706  0.7824
103  trn_acc: 0.9985  val_acc: 0.7118  tst_acc: 0.7294
0.9956  1.0000  0.9985
0.7382  0.7382  0.7088
0.7588  0.7588  0.7647
104  trn_acc: 0.9956  val_acc: 0.7382  tst_acc: 0.7588
0.9985  1.0000  1.0000
0.7294  0.7382  0.7294
0.7676  0.7706  0.7765
105  trn_acc: 0.9985  val_acc: 0.7294  tst_acc: 0.7676
0.9941  1.0000  1.0000
0.7206  0.7324  0.7353
0.7647  0.7412  0.7706
106  trn_acc: 0.9941  val_acc: 0.7206  tst_acc: 0.7647
0.9971  0.9971  0.9985
0.7471  0.7441  0.7294
0.7706  0.7412  0.7676
107  trn_acc: 0.9971  val_acc: 0.7471  tst_acc: 0.7706
1.0000  1.0000  1.0000
0.7441  0.7441  0.7324
0.7618  0.7618  0.7853
108  trn_acc: 1.0000  val_acc: 0.7441  tst_acc: 0.7618
1.0000  1.0000  1.0000
0.7353  0.7324  0.7294
0.7441  0.7441  0.7471
109  trn_acc: 1.0000  val_acc: 0.7353  tst_acc: 0.7441
0.9941  1.0000  0.9985
0.7294  0.7294  0.7235
0.7471  0.7529  0.7676
110  trn_acc: 0.9941  val_acc: 0.7294  tst_acc: 0.7471
0.9074  0.9618  0.9853
0.6735  0.6882  0.6971
0.6529  0.7029  0.7265
111  trn_acc: 0.9074  val_acc: 0.6735  tst_acc: 0.6529
1.0000  1.0000  1.0000
0.7294  0.7206  0.7235
0.7471  0.7676  0.7647
112  trn_acc: 1.0000  val_acc: 0.7294  tst_acc: 0.7471
1.0000  1.0000  1.0000
0.7118  0.7235  0.7206
0.7353  0.7529  0.7676
113  trn_acc: 1.0000  val_acc: 0.7118  tst_acc: 0.7353
1.0000  1.0000  1.0000
0.7324  0.7471  0.7118
0.7618  0.7588  0.7471
114  trn_acc: 1.0000  val_acc: 0.7324  tst_acc: 0.7618
0.9824  0.9971  0.9985
0.7059  0.7029  0.7265
0.7059  0.7412  0.7618
115  trn_acc: 0.9824  val_acc: 0.7059  tst_acc: 0.7059
1.0000  1.0000  1.0000
0.7147  0.7118  0.7235
0.7588  0.7706  0.7676
116  trn_acc: 1.0000  val_acc: 0.7147  tst_acc: 0.7588
0.9294  0.9368  0.9632
0.6529  0.6324  0.6735
0.6824  0.6882  0.7029
117  trn_acc: 0.9294  val_acc: 0.6529  tst_acc: 0.6824
1.0000  1.0000  1.0000
0.7176  0.7294  0.7118
0.7618  0.7735  0.7588
118  trn_acc: 1.0000  val_acc: 0.7176  tst_acc: 0.7618
0.9971  1.0000  0.9912
0.6971  0.7324  0.6853
0.7471  0.7382  0.7324
119  trn_acc: 0.9971  val_acc: 0.6971  tst_acc: 0.7471
1.0000  1.0000  1.0000
0.7559  0.7294  0.7441
0.7471  0.7706  0.7706
120  trn_acc: 1.0000  val_acc: 0.7559  tst_acc: 0.7471
0.9956  1.0000  1.0000
0.7324  0.7235  0.7265
0.7324  0.7559  0.7853
121  trn_acc: 0.9956  val_acc: 0.7324  tst_acc: 0.7324
0.9956  0.9985  1.0000
0.7471  0.7471  0.7353
0.7500  0.7529  0.7559
122  trn_acc: 0.9956  val_acc: 0.7471  tst_acc: 0.7500
0.9956  0.9926  0.9956
0.7324  0.7029  0.7176
0.7529  0.7441  0.7853
123  trn_acc: 0.9956  val_acc: 0.7324  tst_acc: 0.7529
1.0000  1.0000  1.0000
0.7206  0.7441  0.7353
0.7588  0.7618  0.7853
124  trn_acc: 1.0000  val_acc: 0.7206  tst_acc: 0.7588
0.9691  0.9632  0.9853
0.6824  0.6971  0.6941
0.7441  0.7500  0.7647
125  trn_acc: 0.9691  val_acc: 0.6824  tst_acc: 0.7441
1.0000  1.0000  1.0000
0.7412  0.7324  0.7088
0.7471  0.7588  0.7765
126  trn_acc: 1.0000  val_acc: 0.7412  tst_acc: 0.7471
0.9882  1.0000  1.0000
0.6912  0.7324  0.7235
0.7412  0.7735  0.7735
127  trn_acc: 0.9882  val_acc: 0.6912  tst_acc: 0.7412
1.0000  1.0000  0.9985
0.7529  0.7294  0.7353
0.7412  0.7794  0.7647
128  trn_acc: 1.0000  val_acc: 0.7529  tst_acc: 0.7412
1.0000  1.0000  1.0000
0.7235  0.7235  0.7265
0.7794  0.7765  0.7735
129  trn_acc: 1.0000  val_acc: 0.7235  tst_acc: 0.7794
1.0000  1.0000  1.0000
0.7324  0.7324  0.7265
0.7706  0.7618  0.7676
130  trn_acc: 1.0000  val_acc: 0.7324  tst_acc: 0.7706
1.0000  1.0000  1.0000
0.7353  0.7235  0.7088
0.7735  0.7618  0.7706
131  trn_acc: 1.0000  val_acc: 0.7353  tst_acc: 0.7735
0.9956  0.9985  1.0000
0.7029  0.7118  0.7147
0.7382  0.7500  0.7647
132  trn_acc: 0.9956  val_acc: 0.7029  tst_acc: 0.7382
0.9529  0.9721  0.9765
0.6824  0.6853  0.7000
0.7324  0.7382  0.7647
133  trn_acc: 0.9529  val_acc: 0.6824  tst_acc: 0.7324
1.0000  1.0000  1.0000
0.7147  0.7147  0.7088
0.7676  0.7618  0.7529
134  trn_acc: 1.0000  val_acc: 0.7147  tst_acc: 0.7676
0.9985  0.9971  0.9985
0.7235  0.7235  0.6941
0.7559  0.7412  0.7588
135  trn_acc: 0.9985  val_acc: 0.7235  tst_acc: 0.7559
0.9956  1.0000  1.0000
0.6853  0.7235  0.7176
0.7412  0.7588  0.7794
136  trn_acc: 0.9956  val_acc: 0.6853  tst_acc: 0.7412
0.9985  1.0000  1.0000
0.7147  0.7265  0.7088
0.7441  0.7588  0.7706
137  trn_acc: 0.9985  val_acc: 0.7147  tst_acc: 0.7441
1.0000  0.9985  1.0000
0.7412  0.7029  0.7147
0.7824  0.7618  0.7765
138  trn_acc: 1.0000  val_acc: 0.7412  tst_acc: 0.7824
0.9985  1.0000  1.0000
0.7118  0.7118  0.6941
0.7647  0.7382  0.7529
139  trn_acc: 0.9985  val_acc: 0.7118  tst_acc: 0.7647
1.0000  1.0000  1.0000
0.7382  0.7265  0.7412
0.7676  0.7559  0.7647
140  trn_acc: 1.0000  val_acc: 0.7382  tst_acc: 0.7676
1.0000  1.0000  1.0000
0.7412  0.7412  0.7353
0.7765  0.7706  0.7912
141  trn_acc: 1.0000  val_acc: 0.7412  tst_acc: 0.7765
1.0000  1.0000  1.0000
0.7441  0.7265  0.7235
0.7676  0.7559  0.7794
142  trn_acc: 1.0000  val_acc: 0.7441  tst_acc: 0.7676
0.9985  1.0000  1.0000
0.7588  0.7529  0.7441
0.7735  0.7412  0.7676
143  trn_acc: 0.9985  val_acc: 0.7588  tst_acc: 0.7735
1.0000  1.0000  1.0000
0.7353  0.7382  0.7500
0.7647  0.7735  0.7765
144  trn_acc: 1.0000  val_acc: 0.7353  tst_acc: 0.7647
0.9735  0.9912  0.9926
0.6941  0.6882  0.6971
0.7588  0.7471  0.7441
145  trn_acc: 0.9735  val_acc: 0.6941  tst_acc: 0.7588
0.9971  1.0000  0.9985
0.7382  0.7294  0.7176
0.7971  0.7794  0.7853
146  trn_acc: 0.9971  val_acc: 0.7382  tst_acc: 0.7971
0.9985  1.0000  1.0000
0.7147  0.7294  0.7500
0.7765  0.7735  0.7824
147  trn_acc: 0.9985  val_acc: 0.7147  tst_acc: 0.7765
1.0000  1.0000  1.0000
0.7265  0.7294  0.7294
0.7676  0.7676  0.7765
148  trn_acc: 1.0000  val_acc: 0.7265  tst_acc: 0.7676
0.9897  0.9985  1.0000
0.7176  0.7206  0.7206
0.7382  0.7588  0.7588
149  trn_acc: 0.9897  val_acc: 0.7176  tst_acc: 0.7382
0.9941  0.9985  1.0000
0.7235  0.7176  0.7176
0.7941  0.7794  0.7882
150  trn_acc: 0.9941  val_acc: 0.7235  tst_acc: 0.7941
1.0000  1.0000  1.0000
0.7353  0.7441  0.7176
0.7853  0.7882  0.7794
151  trn_acc: 1.0000  val_acc: 0.7353  tst_acc: 0.7853
0.9412  0.9868  0.9897
0.6500  0.6706  0.6618
0.7353  0.7618  0.7676
152  trn_acc: 0.9412  val_acc: 0.6500  tst_acc: 0.7353
0.9765  0.9882  0.9985
0.6588  0.6912  0.7059
0.7353  0.7471  0.7588
153  trn_acc: 0.9765  val_acc: 0.6588  tst_acc: 0.7353
1.0000  1.0000  1.0000
0.7147  0.7235  0.7206
0.7618  0.7882  0.7882
154  trn_acc: 1.0000  val_acc: 0.7147  tst_acc: 0.7618
0.9868  0.9853  0.9853
0.7382  0.7235  0.7147
0.7706  0.7647  0.7618
155  trn_acc: 0.9868  val_acc: 0.7382  tst_acc: 0.7706
0.9912  0.9956  0.9985
0.7176  0.7265  0.7176
0.7676  0.7618  0.7471
156  trn_acc: 0.9912  val_acc: 0.7176  tst_acc: 0.7676
0.9956  1.0000  1.0000
0.7000  0.7294  0.7206
0.7588  0.7735  0.7735
157  trn_acc: 0.9956  val_acc: 0.7000  tst_acc: 0.7588
1.0000  1.0000  1.0000
0.7265  0.7353  0.7029
0.7765  0.7559  0.7853
158  trn_acc: 1.0000  val_acc: 0.7265  tst_acc: 0.7765
0.9838  0.9985  0.9971
0.6912  0.7059  0.7176
0.7559  0.7706  0.7735
159  trn_acc: 0.9838  val_acc: 0.6912  tst_acc: 0.7559
1.0000  1.0000  1.0000
0.7176  0.7265  0.7265
0.7765  0.7765  0.7853
160  trn_acc: 1.0000  val_acc: 0.7176  tst_acc: 0.7765
1.0000  1.0000  1.0000
0.7353  0.7353  0.7147
0.7794  0.7735  0.7706
161  trn_acc: 1.0000  val_acc: 0.7353  tst_acc: 0.7794
1.0000  1.0000  1.0000
0.7500  0.7294  0.7206
0.7824  0.7735  0.7706
162  trn_acc: 1.0000  val_acc: 0.7500  tst_acc: 0.7824
0.9985  1.0000  1.0000
0.7382  0.7412  0.7382
0.7706  0.7647  0.7882
163  trn_acc: 0.9985  val_acc: 0.7382  tst_acc: 0.7706
0.9956  0.9985  1.0000
0.7206  0.7353  0.7176
0.7559  0.7529  0.7765
164  trn_acc: 0.9956  val_acc: 0.7206  tst_acc: 0.7559
0.9779  0.9941  1.0000
0.7118  0.7500  0.7441
0.7441  0.7618  0.7618
165  trn_acc: 0.9779  val_acc: 0.7118  tst_acc: 0.7441
1.0000  1.0000  1.0000
0.7206  0.7206  0.7441
0.7529  0.7588  0.7853
166  trn_acc: 1.0000  val_acc: 0.7206  tst_acc: 0.7529
1.0000  1.0000  1.0000
0.7324  0.7324  0.7265
0.7765  0.7676  0.7529
167  trn_acc: 1.0000  val_acc: 0.7324  tst_acc: 0.7765
1.0000  1.0000  1.0000
0.7265  0.7265  0.7324
0.7706  0.7647  0.7824
168  trn_acc: 1.0000  val_acc: 0.7265  tst_acc: 0.7706
1.0000  1.0000  1.0000
0.7294  0.7294  0.7206
0.7765  0.7647  0.7706
169  trn_acc: 1.0000  val_acc: 0.7294  tst_acc: 0.7765
1.0000  1.0000  1.0000
0.7353  0.7235  0.7353
0.7765  0.7706  0.7647
170  trn_acc: 1.0000  val_acc: 0.7353  tst_acc: 0.7765
0.9912  0.9912  1.0000
0.7324  0.6941  0.7353
0.7794  0.7559  0.7941
171  trn_acc: 0.9912  val_acc: 0.7324  tst_acc: 0.7794
1.0000  1.0000  1.0000
0.7500  0.7471  0.7118
0.7765  0.7735  0.7882
172  trn_acc: 1.0000  val_acc: 0.7500  tst_acc: 0.7765
0.9985  1.0000  0.9971
0.7353  0.7206  0.7176
0.7706  0.7647  0.7471
173  trn_acc: 0.9985  val_acc: 0.7353  tst_acc: 0.7706
0.9985  0.9985  1.0000
0.7353  0.7324  0.7324
0.7882  0.7765  0.7941
174  trn_acc: 0.9985  val_acc: 0.7353  tst_acc: 0.7882
1.0000  1.0000  1.0000
0.7235  0.7500  0.7382
0.7706  0.7618  0.7735
175  trn_acc: 1.0000  val_acc: 0.7235  tst_acc: 0.7706
0.9941  0.9985  0.9985
0.7353  0.7382  0.7147
0.7412  0.7559  0.7735
176  trn_acc: 0.9941  val_acc: 0.7353  tst_acc: 0.7412
1.0000  1.0000  1.0000
0.7471  0.7324  0.7235
0.7765  0.7765  0.7912
177  trn_acc: 1.0000  val_acc: 0.7471  tst_acc: 0.7765
1.0000  1.0000  1.0000
0.7529  0.7471  0.7235
0.7794  0.7588  0.7824
178  trn_acc: 1.0000  val_acc: 0.7529  tst_acc: 0.7794
0.9412  0.9765  0.9941
0.6706  0.6794  0.6941
0.7000  0.7088  0.7441
179  trn_acc: 0.9412  val_acc: 0.6706  tst_acc: 0.7000
1.0000  1.0000  1.0000
0.7294  0.7529  0.7324
0.7765  0.7647  0.7794
180  trn_acc: 1.0000  val_acc: 0.7294  tst_acc: 0.7765
143 0.7735 0.7588 0.9985 1.0000





getGoogleNet_v1_2like

Doing: 2
(?, 111, 111, 64)
(?, 56, 56, 64)
(?, 56, 56, 192)
(?, 28, 28, 192)
(?, 28, 28, 256)
(?, 28, 28, 480)
(?, 14, 14, 480)
(?, 14, 14, 512)
(?, 17)
(?, 14, 14, 512)
(?, 14, 14, 512)
(?, 14, 14, 528)
(?, 17)
(?, 14, 14, 832)
(?, 7, 7, 832)
(?, 7, 7, 832)
(?, 7, 7, 1024)
(?, 1, 1, 1024)
(?, 1000)
(?, 17)
0.0588  0.0588  0.0588
0.0588  0.0588  0.0588
0.0588  0.0588  0.0588
1  trn_acc: 0.0588  val_acc: 0.0588  tst_acc: 0.0588
0.0735  0.0588  0.0750
0.0706  0.0588  0.0706
0.0794  0.0588  0.0647
2  trn_acc: 0.0735  val_acc: 0.0706  tst_acc: 0.0794
0.1206  0.1750  0.1971
0.1000  0.1588  0.1794
0.1235  0.1676  0.1853
3  trn_acc: 0.1206  val_acc: 0.1000  tst_acc: 0.1235
0.1206  0.1941  0.2338
0.1176  0.1618  0.1941
0.1029  0.2000  0.2118
4  trn_acc: 0.1206  val_acc: 0.1176  tst_acc: 0.1029
0.1456  0.2206  0.2750
0.1412  0.1941  0.2235
0.1500  0.2029  0.2324
5  trn_acc: 0.1456  val_acc: 0.1412  tst_acc: 0.1500
0.1941  0.3309  0.3353
0.1765  0.2676  0.2735
0.1971  0.2706  0.2824
6  trn_acc: 0.1941  val_acc: 0.1765  tst_acc: 0.1971
0.1544  0.3059  0.3250
0.1971  0.2500  0.2794
0.1706  0.2971  0.2971
7  trn_acc: 0.1544  val_acc: 0.1971  tst_acc: 0.1706
0.2529  0.3912  0.4147
0.2353  0.3353  0.3412
0.2559  0.3412  0.3382
8  trn_acc: 0.2529  val_acc: 0.2353  tst_acc: 0.2559
0.1985  0.3118  0.3676
0.1971  0.2794  0.3059
0.2059  0.2882  0.3294
9  trn_acc: 0.1985  val_acc: 0.1971  tst_acc: 0.2059
0.2824  0.3691  0.4015
0.2588  0.2794  0.3206
0.2529  0.3147  0.3206
10  trn_acc: 0.2824  val_acc: 0.2588  tst_acc: 0.2529
0.2132  0.4206  0.4338
0.1912  0.3441  0.3441
0.1794  0.3265  0.3441
11  trn_acc: 0.2132  val_acc: 0.1912  tst_acc: 0.1794
0.3647  0.4941  0.5309
0.3176  0.3794  0.3765
0.3059  0.4088  0.4294
12  trn_acc: 0.3647  val_acc: 0.3176  tst_acc: 0.3059
0.3971  0.4735  0.4941
0.3676  0.3853  0.3941
0.3265  0.4029  0.4118
13  trn_acc: 0.3971  val_acc: 0.3676  tst_acc: 0.3265
0.4353  0.5235  0.5632
0.3912  0.4176  0.4088
0.4353  0.4412  0.4353
14  trn_acc: 0.4353  val_acc: 0.3912  tst_acc: 0.4353
0.4265  0.5294  0.5721
0.3588  0.4206  0.4382
0.3676  0.4412  0.4412
15  trn_acc: 0.4265  val_acc: 0.3588  tst_acc: 0.3676
0.4397  0.6059  0.6250
0.3794  0.4618  0.4706
0.3882  0.4824  0.4941
16  trn_acc: 0.4397  val_acc: 0.3794  tst_acc: 0.3882
0.4912  0.6324  0.6324
0.4176  0.5000  0.4882
0.4235  0.4824  0.5029
17  trn_acc: 0.4912  val_acc: 0.4176  tst_acc: 0.4235
0.5441  0.6279  0.6559
0.4882  0.4765  0.4941
0.4382  0.5059  0.5206
18  trn_acc: 0.5441  val_acc: 0.4882  tst_acc: 0.4382
0.5279  0.6412  0.6632
0.4265  0.4647  0.5118
0.4618  0.4971  0.5265
19  trn_acc: 0.5279  val_acc: 0.4265  tst_acc: 0.4618
0.5471  0.5926  0.6544
0.4382  0.4676  0.5118
0.4794  0.4500  0.5029
20  trn_acc: 0.5471  val_acc: 0.4382  tst_acc: 0.4794
0.6265  0.7324  0.7338
0.5471  0.5559  0.5765
0.5382  0.5794  0.5853
21  trn_acc: 0.6265  val_acc: 0.5471  tst_acc: 0.5382
0.6662  0.7015  0.7265
0.5176  0.5294  0.5529
0.5500  0.5765  0.5588
22  trn_acc: 0.6662  val_acc: 0.5176  tst_acc: 0.5500
0.6662  0.7353  0.7426
0.5647  0.5735  0.6000
0.5647  0.5765  0.5971
23  trn_acc: 0.6662  val_acc: 0.5647  tst_acc: 0.5647
0.5515  0.7000  0.7029
0.4647  0.5382  0.5500
0.4618  0.5412  0.5618
24  trn_acc: 0.5515  val_acc: 0.4647  tst_acc: 0.4618
0.7132  0.7838  0.8015
0.6088  0.6029  0.6353
0.6000  0.6029  0.6265
25  trn_acc: 0.7132  val_acc: 0.6088  tst_acc: 0.6000
0.6956  0.7441  0.7912
0.6176  0.6235  0.6059
0.6118  0.6294  0.6147
26  trn_acc: 0.6956  val_acc: 0.6176  tst_acc: 0.6118
0.7544  0.8147  0.8059
0.6265  0.6412  0.6647
0.6059  0.6176  0.6176
27  trn_acc: 0.7544  val_acc: 0.6265  tst_acc: 0.6059
0.7588  0.8132  0.8191
0.6088  0.6118  0.6206
0.6029  0.6206  0.6324
28  trn_acc: 0.7588  val_acc: 0.6088  tst_acc: 0.6029
0.6912  0.7897  0.8044
0.5500  0.6029  0.6412
0.5618  0.6029  0.6500
29  trn_acc: 0.6912  val_acc: 0.5500  tst_acc: 0.5618
0.7221  0.8235  0.8382
0.5941  0.6559  0.6647
0.5735  0.6441  0.6235
30  trn_acc: 0.7221  val_acc: 0.5941  tst_acc: 0.5735
0.7721  0.8265  0.8441
0.6265  0.6529  0.6647
0.5882  0.6353  0.6588
31  trn_acc: 0.7721  val_acc: 0.6265  tst_acc: 0.5882
0.8324  0.8735  0.8691
0.6676  0.6853  0.6676
0.6265  0.6618  0.6353
32  trn_acc: 0.8324  val_acc: 0.6676  tst_acc: 0.6265
0.8250  0.8691  0.8691
0.6559  0.6500  0.6441
0.6324  0.6676  0.6618
33  trn_acc: 0.8250  val_acc: 0.6559  tst_acc: 0.6324
0.7838  0.8471  0.8515
0.6618  0.6706  0.6500
0.6441  0.6882  0.6735
34  trn_acc: 0.7838  val_acc: 0.6618  tst_acc: 0.6441
0.8500  0.8882  0.8750
0.6529  0.6941  0.6618
0.6618  0.6971  0.6735
35  trn_acc: 0.8500  val_acc: 0.6529  tst_acc: 0.6618
0.8382  0.8706  0.8662
0.6735  0.6853  0.6794
0.6000  0.6235  0.6324
36  trn_acc: 0.8382  val_acc: 0.6735  tst_acc: 0.6000
0.9074  0.9118  0.9059
0.7088  0.6912  0.6853
0.6941  0.7059  0.7088
37  trn_acc: 0.9074  val_acc: 0.7088  tst_acc: 0.6941
0.8926  0.9294  0.9147
0.7000  0.6824  0.6647
0.6441  0.6794  0.6676
38  trn_acc: 0.8926  val_acc: 0.7000  tst_acc: 0.6441
0.8765  0.8868  0.8721
0.6559  0.6971  0.6941
0.6294  0.6529  0.6559
39  trn_acc: 0.8765  val_acc: 0.6559  tst_acc: 0.6294
0.9162  0.9441  0.9324
0.7029  0.7118  0.6971
0.7118  0.6794  0.6882
40  trn_acc: 0.9162  val_acc: 0.7029  tst_acc: 0.7118
0.9471  0.9603  0.9294
0.7000  0.7235  0.6941
0.6882  0.6824  0.6853
41  trn_acc: 0.9471  val_acc: 0.7000  tst_acc: 0.6882
0.9441  0.9426  0.9456
0.7059  0.7029  0.7029
0.6824  0.6882  0.6853
42  trn_acc: 0.9441  val_acc: 0.7059  tst_acc: 0.6824
0.9618  0.9662  0.9500
0.7176  0.7029  0.7029
0.6676  0.6824  0.6706
43  trn_acc: 0.9618  val_acc: 0.7176  tst_acc: 0.6676
0.9426  0.9603  0.9574
0.7029  0.7206  0.7118
0.7059  0.7088  0.6853
44  trn_acc: 0.9426  val_acc: 0.7029  tst_acc: 0.7059
0.9603  0.9632  0.9574
0.7265  0.7029  0.6882
0.6882  0.7000  0.7000
45  trn_acc: 0.9603  val_acc: 0.7265  tst_acc: 0.6882
0.9426  0.9500  0.9382
0.6735  0.6794  0.6706
0.6824  0.6882  0.6853
46  trn_acc: 0.9426  val_acc: 0.6735  tst_acc: 0.6824
0.9794  0.9868  0.9706
0.7265  0.7324  0.6941
0.7059  0.6941  0.6971
47  trn_acc: 0.9794  val_acc: 0.7265  tst_acc: 0.7059
0.8632  0.8868  0.8809
0.6147  0.6588  0.6647
0.6294  0.6500  0.6324
48  trn_acc: 0.8632  val_acc: 0.6147  tst_acc: 0.6294
0.9588  0.9912  0.9721
0.7059  0.7324  0.7059
0.7000  0.7294  0.7029
49  trn_acc: 0.9588  val_acc: 0.7059  tst_acc: 0.7000
0.9779  0.9941  0.9735
0.7265  0.7265  0.7147
0.7029  0.7206  0.6912
50  trn_acc: 0.9779  val_acc: 0.7265  tst_acc: 0.7029
0.9456  0.9779  0.9500
0.7029  0.7265  0.6912
0.6912  0.7029  0.6882
51  trn_acc: 0.9456  val_acc: 0.7029  tst_acc: 0.6912
0.9868  0.9868  0.9676
0.7294  0.7235  0.7176
0.7235  0.7353  0.6971
52  trn_acc: 0.9868  val_acc: 0.7294  tst_acc: 0.7235
0.9721  0.9926  0.9809
0.7088  0.7118  0.7000
0.7147  0.7029  0.7000
53  trn_acc: 0.9721  val_acc: 0.7088  tst_acc: 0.7147
0.9132  0.9618  0.9676
0.6382  0.7235  0.6735
0.6882  0.6941  0.6824
54  trn_acc: 0.9132  val_acc: 0.6382  tst_acc: 0.6882
0.9588  0.9618  0.9500
0.6882  0.7088  0.6824
0.6794  0.6824  0.6647
55  trn_acc: 0.9588  val_acc: 0.6882  tst_acc: 0.6794
0.9824  0.9941  0.9897
0.7412  0.7559  0.7088
0.7088  0.7029  0.6941
56  trn_acc: 0.9824  val_acc: 0.7412  tst_acc: 0.7088
0.9853  0.9985  0.9853
0.7206  0.7500  0.7353
0.7265  0.7265  0.7088
57  trn_acc: 0.9853  val_acc: 0.7206  tst_acc: 0.7265
0.9897  1.0000  0.9882
0.7294  0.7588  0.7206
0.7000  0.7147  0.7000
58  trn_acc: 0.9897  val_acc: 0.7294  tst_acc: 0.7000
0.9941  0.9985  0.9956
0.7265  0.7353  0.7353
0.7235  0.7147  0.7088
59  trn_acc: 0.9941  val_acc: 0.7265  tst_acc: 0.7235
0.9897  0.9868  0.9941
0.7235  0.7441  0.7000
0.7176  0.7029  0.7000
60  trn_acc: 0.9897  val_acc: 0.7235  tst_acc: 0.7176
0.9044  0.9397  0.9382
0.6588  0.6882  0.6912
0.6647  0.6735  0.6676
61  trn_acc: 0.9044  val_acc: 0.6588  tst_acc: 0.6647
0.9368  0.9779  0.9691
0.7088  0.7265  0.7059
0.7029  0.7029  0.6912
62  trn_acc: 0.9368  val_acc: 0.7088  tst_acc: 0.7029
0.9294  0.9632  0.9779
0.6676  0.7000  0.7235
0.6588  0.6824  0.6912
63  trn_acc: 0.9294  val_acc: 0.6676  tst_acc: 0.6588
0.9368  0.9618  0.9794
0.6588  0.6882  0.7000
0.6882  0.6794  0.6971
64  trn_acc: 0.9368  val_acc: 0.6588  tst_acc: 0.6882
0.9868  1.0000  0.9956
0.7265  0.7471  0.7265
0.7353  0.7147  0.7118
65  trn_acc: 0.9868  val_acc: 0.7265  tst_acc: 0.7353
0.9971  1.0000  0.9956
0.7265  0.7588  0.7265
0.7235  0.7118  0.6912
66  trn_acc: 0.9971  val_acc: 0.7265  tst_acc: 0.7235
0.9985  1.0000  1.0000
0.7382  0.7324  0.7235
0.7176  0.7176  0.7029
67  trn_acc: 0.9985  val_acc: 0.7382  tst_acc: 0.7176
0.9735  0.9897  0.9882
0.7353  0.7029  0.7265
0.7088  0.7029  0.7000
68  trn_acc: 0.9735  val_acc: 0.7353  tst_acc: 0.7088
0.9779  0.9897  0.9809
0.7206  0.7294  0.6912
0.7029  0.7294  0.7029
69  trn_acc: 0.9779  val_acc: 0.7206  tst_acc: 0.7029
0.9132  0.9456  0.9647
0.6500  0.6676  0.6676
0.6382  0.6412  0.6559
70  trn_acc: 0.9132  val_acc: 0.6500  tst_acc: 0.6382
0.9676  0.9691  0.9691
0.7176  0.7176  0.7147
0.7235  0.7176  0.6735
71  trn_acc: 0.9676  val_acc: 0.7176  tst_acc: 0.7235
0.9912  0.9912  0.9941
0.7088  0.7382  0.7206
0.7059  0.7147  0.6912
72  trn_acc: 0.9912  val_acc: 0.7088  tst_acc: 0.7059
0.9853  0.9985  0.9971
0.7206  0.7206  0.7206
0.7000  0.7029  0.6853
73  trn_acc: 0.9853  val_acc: 0.7206  tst_acc: 0.7000
0.9985  1.0000  1.0000
0.7471  0.7412  0.7324
0.7206  0.7206  0.6941
74  trn_acc: 0.9985  val_acc: 0.7471  tst_acc: 0.7206
0.9824  0.9956  0.9985
0.7235  0.7706  0.7324
0.7265  0.7324  0.7088
75  trn_acc: 0.9824  val_acc: 0.7235  tst_acc: 0.7265
0.9971  1.0000  1.0000
0.7441  0.7588  0.7412
0.7618  0.7353  0.7147
76  trn_acc: 0.9971  val_acc: 0.7441  tst_acc: 0.7618
0.9074  0.9471  0.9779
0.6412  0.7382  0.6882
0.6735  0.7029  0.6794
77  trn_acc: 0.9074  val_acc: 0.6412  tst_acc: 0.6735
1.0000  1.0000  1.0000
0.7618  0.7588  0.7353
0.7441  0.7324  0.7265
78  trn_acc: 1.0000  val_acc: 0.7618  tst_acc: 0.7441
1.0000  1.0000  0.9971
0.7029  0.7441  0.7294
0.7382  0.6971  0.7118
79  trn_acc: 1.0000  val_acc: 0.7029  tst_acc: 0.7382
0.9926  0.9985  1.0000
0.7471  0.7382  0.7265
0.7176  0.7265  0.6971
80  trn_acc: 0.9926  val_acc: 0.7471  tst_acc: 0.7176
1.0000  1.0000  0.9956
0.7529  0.7471  0.7412
0.7588  0.7265  0.7088
81  trn_acc: 1.0000  val_acc: 0.7529  tst_acc: 0.7588
0.8897  0.9559  0.9824
0.6412  0.6853  0.6882
0.6382  0.6618  0.6912
82  trn_acc: 0.8897  val_acc: 0.6412  tst_acc: 0.6382
1.0000  1.0000  1.0000
0.7559  0.7618  0.7206
0.7235  0.7324  0.7206
83  trn_acc: 1.0000  val_acc: 0.7559  tst_acc: 0.7235
0.6294  0.7000  0.8147
0.4824  0.5235  0.5941
0.4441  0.4971  0.5735
84  trn_acc: 0.6294  val_acc: 0.4824  tst_acc: 0.4441
1.0000  0.9985  1.0000
0.7706  0.7559  0.7265
0.7471  0.7088  0.7059
85  trn_acc: 1.0000  val_acc: 0.7706  tst_acc: 0.7471
0.9956  0.9956  1.0000
0.7441  0.7382  0.7353
0.7412  0.7324  0.6971
86  trn_acc: 0.9956  val_acc: 0.7441  tst_acc: 0.7412
0.9971  1.0000  1.0000
0.7559  0.7441  0.7265
0.7529  0.7412  0.7147
87  trn_acc: 0.9971  val_acc: 0.7559  tst_acc: 0.7529
0.9971  1.0000  0.9985
0.7382  0.7441  0.7235
0.7324  0.7147  0.6853
88  trn_acc: 0.9971  val_acc: 0.7382  tst_acc: 0.7324
1.0000  1.0000  1.0000
0.7529  0.7529  0.7324
0.7441  0.7235  0.7088
89  trn_acc: 1.0000  val_acc: 0.7529  tst_acc: 0.7441
0.9956  0.9912  0.9868
0.7176  0.7000  0.6794
0.7265  0.6912  0.6853
90  trn_acc: 0.9956  val_acc: 0.7176  tst_acc: 0.7265
0.9882  0.9971  0.9985
0.7176  0.7353  0.7029
0.7382  0.7353  0.6882
91  trn_acc: 0.9882  val_acc: 0.7176  tst_acc: 0.7382
0.9897  0.9882  0.9926
0.7265  0.7235  0.6971
0.7294  0.7235  0.7118
92  trn_acc: 0.9897  val_acc: 0.7265  tst_acc: 0.7294
1.0000  1.0000  1.0000
0.7529  0.7706  0.7324
0.7353  0.7324  0.7206
93  trn_acc: 1.0000  val_acc: 0.7529  tst_acc: 0.7353
0.9676  0.9926  0.9897
0.7147  0.7324  0.7118
0.7382  0.7206  0.6912
94  trn_acc: 0.9676  val_acc: 0.7147  tst_acc: 0.7382
1.0000  1.0000  1.0000
0.7500  0.7529  0.7265
0.7559  0.7324  0.7382
95  trn_acc: 1.0000  val_acc: 0.7500  tst_acc: 0.7559
1.0000  1.0000  1.0000
0.7382  0.7529  0.7324
0.7618  0.7500  0.7324
96  trn_acc: 1.0000  val_acc: 0.7382  tst_acc: 0.7618
0.9750  0.9838  0.9985
0.6853  0.7059  0.7000
0.6912  0.7000  0.6853
97  trn_acc: 0.9750  val_acc: 0.6853  tst_acc: 0.6912
0.9926  1.0000  1.0000
0.7059  0.7235  0.7206
0.7235  0.7029  0.7088
98  trn_acc: 0.9926  val_acc: 0.7059  tst_acc: 0.7235
0.9721  0.9765  0.9882
0.7118  0.7265  0.7118
0.7000  0.6882  0.6912
99  trn_acc: 0.9721  val_acc: 0.7118  tst_acc: 0.7000
1.0000  1.0000  1.0000
0.7735  0.7676  0.7324
0.7676  0.7471  0.7206
100  trn_acc: 1.0000  val_acc: 0.7735  tst_acc: 0.7676
1.0000  1.0000  1.0000
0.7382  0.7412  0.7441
0.7265  0.7088  0.7118
101  trn_acc: 1.0000  val_acc: 0.7382  tst_acc: 0.7265
0.9662  0.9676  0.9897
0.6941  0.7029  0.7265
0.7088  0.7088  0.7176
102  trn_acc: 0.9662  val_acc: 0.6941  tst_acc: 0.7088
0.9912  0.9868  0.9912
0.7235  0.7294  0.7147
0.7118  0.7118  0.6971
103  trn_acc: 0.9912  val_acc: 0.7235  tst_acc: 0.7118
0.9971  0.9971  0.9956
0.7559  0.7382  0.7235
0.7441  0.7265  0.7000
104  trn_acc: 0.9971  val_acc: 0.7559  tst_acc: 0.7441
0.9912  0.9985  0.9956
0.7353  0.7206  0.7000
0.7559  0.7147  0.6971
105  trn_acc: 0.9912  val_acc: 0.7353  tst_acc: 0.7559
1.0000  1.0000  1.0000
0.7559  0.7412  0.7353
0.7265  0.6971  0.7000
106  trn_acc: 1.0000  val_acc: 0.7559  tst_acc: 0.7265
1.0000  1.0000  1.0000
0.7382  0.7471  0.7235
0.7324  0.7147  0.7059
107  trn_acc: 1.0000  val_acc: 0.7382  tst_acc: 0.7324
0.9956  1.0000  1.0000
0.7471  0.7529  0.7412
0.7471  0.7265  0.7382
108  trn_acc: 0.9956  val_acc: 0.7471  tst_acc: 0.7471
0.9956  0.9985  1.0000
0.7324  0.7529  0.7235
0.7382  0.7206  0.7206
109  trn_acc: 0.9956  val_acc: 0.7324  tst_acc: 0.7382
1.0000  1.0000  1.0000
0.7647  0.7559  0.7265
0.7471  0.7265  0.7294
110  trn_acc: 1.0000  val_acc: 0.7647  tst_acc: 0.7471
1.0000  1.0000  0.9956
0.7441  0.7559  0.7382
0.7441  0.7265  0.6941
111  trn_acc: 1.0000  val_acc: 0.7441  tst_acc: 0.7441
0.8441  0.8926  0.9221
0.6500  0.6706  0.7029
0.6529  0.6735  0.6471
112  trn_acc: 0.8441  val_acc: 0.6500  tst_acc: 0.6529
0.9985  1.0000  1.0000
0.7471  0.7500  0.7353
0.7294  0.7294  0.7088
113  trn_acc: 0.9985  val_acc: 0.7471  tst_acc: 0.7294
1.0000  1.0000  1.0000
0.7735  0.7618  0.7353
0.7441  0.7294  0.7265
114  trn_acc: 1.0000  val_acc: 0.7735  tst_acc: 0.7441
0.9956  0.9971  0.9985
0.7353  0.7412  0.7206
0.6941  0.7118  0.6971
115  trn_acc: 0.9956  val_acc: 0.7353  tst_acc: 0.6941
0.9985  0.9985  1.0000
0.7588  0.7441  0.7441
0.7412  0.7206  0.7088
116  trn_acc: 0.9985  val_acc: 0.7588  tst_acc: 0.7412
0.9500  0.9735  0.9926
0.7059  0.7265  0.7000
0.6941  0.7059  0.7147
117  trn_acc: 0.9500  val_acc: 0.7059  tst_acc: 0.6941
0.9985  1.0000  1.0000
0.7529  0.7647  0.7294
0.7676  0.7265  0.7088
118  trn_acc: 0.9985  val_acc: 0.7529  tst_acc: 0.7676
0.9897  0.9985  0.9971
0.7588  0.7412  0.7471
0.7382  0.7000  0.6971
119  trn_acc: 0.9897  val_acc: 0.7588  tst_acc: 0.7382
1.0000  1.0000  1.0000
0.7618  0.7706  0.7618
0.7412  0.7206  0.7088
120  trn_acc: 1.0000  val_acc: 0.7618  tst_acc: 0.7412
0.9574  0.9824  0.9676
0.6853  0.6912  0.6941
0.7147  0.7088  0.6824
121  trn_acc: 0.9574  val_acc: 0.6853  tst_acc: 0.7147
0.9603  0.9868  0.9926
0.7029  0.7206  0.7265
0.6794  0.7088  0.6971
122  trn_acc: 0.9603  val_acc: 0.7029  tst_acc: 0.6794
0.9809  0.9897  1.0000
0.7471  0.7382  0.7559
0.7147  0.7000  0.6971
123  trn_acc: 0.9809  val_acc: 0.7471  tst_acc: 0.7147
0.9941  0.9956  0.9971
0.7412  0.7529  0.7529
0.7382  0.7147  0.7324
124  trn_acc: 0.9941  val_acc: 0.7412  tst_acc: 0.7382
1.0000  1.0000  0.9985
0.7559  0.7647  0.7588
0.7529  0.7353  0.7206
125  trn_acc: 1.0000  val_acc: 0.7559  tst_acc: 0.7529
0.9985  1.0000  1.0000
0.7529  0.7676  0.7441
0.7412  0.7353  0.7118
126  trn_acc: 0.9985  val_acc: 0.7529  tst_acc: 0.7412
0.9971  1.0000  1.0000
0.7412  0.7382  0.7206
0.7353  0.7265  0.7235
127  trn_acc: 0.9971  val_acc: 0.7412  tst_acc: 0.7353
0.9985  1.0000  1.0000
0.7294  0.7500  0.7529
0.7294  0.7176  0.6941
128  trn_acc: 0.9985  val_acc: 0.7294  tst_acc: 0.7294
1.0000  1.0000  1.0000
0.7412  0.7500  0.7618
0.7529  0.7441  0.7324
129  trn_acc: 1.0000  val_acc: 0.7412  tst_acc: 0.7529
0.8603  0.8941  0.8941
0.6294  0.6559  0.6382
0.6559  0.6529  0.6441
130  trn_acc: 0.8603  val_acc: 0.6294  tst_acc: 0.6559
1.0000  1.0000  1.0000
0.7559  0.7500  0.7382
0.7529  0.7176  0.7147
131  trn_acc: 1.0000  val_acc: 0.7559  tst_acc: 0.7529
0.9985  1.0000  1.0000
0.7647  0.7529  0.7441
0.7588  0.7265  0.7147
132  trn_acc: 0.9985  val_acc: 0.7647  tst_acc: 0.7588
1.0000  1.0000  1.0000
0.7559  0.7500  0.7559
0.7500  0.7294  0.7176
133  trn_acc: 1.0000  val_acc: 0.7559  tst_acc: 0.7500
0.9706  0.9838  0.9662
0.6882  0.7000  0.6824
0.7118  0.7235  0.6559
134  trn_acc: 0.9706  val_acc: 0.6882  tst_acc: 0.7118
0.9824  0.9912  1.0000
0.7324  0.7265  0.7412
0.7441  0.7206  0.7206
135  trn_acc: 0.9824  val_acc: 0.7324  tst_acc: 0.7441
1.0000  1.0000  1.0000
0.7618  0.7471  0.7382
0.7618  0.7412  0.7324
136  trn_acc: 1.0000  val_acc: 0.7618  tst_acc: 0.7618
1.0000  1.0000  1.0000
0.7529  0.7412  0.7500
0.7647  0.7559  0.7176
137  trn_acc: 1.0000  val_acc: 0.7529  tst_acc: 0.7647
1.0000  1.0000  1.0000
0.7441  0.7412  0.7147
0.7618  0.7441  0.7147
138  trn_acc: 1.0000  val_acc: 0.7441  tst_acc: 0.7618
0.9971  1.0000  1.0000
0.7206  0.7618  0.7235
0.7294  0.7353  0.7176
139  trn_acc: 0.9971  val_acc: 0.7206  tst_acc: 0.7294
1.0000  1.0000  1.0000
0.7588  0.7588  0.7588
0.7471  0.7206  0.7235
140  trn_acc: 1.0000  val_acc: 0.7588  tst_acc: 0.7471
0.8529  0.9265  0.9147
0.6029  0.6735  0.6588
0.5971  0.6382  0.6441
141  trn_acc: 0.8529  val_acc: 0.6029  tst_acc: 0.5971
0.9985  1.0000  1.0000
0.7324  0.7412  0.7235
0.7529  0.7382  0.7088
142  trn_acc: 0.9985  val_acc: 0.7324  tst_acc: 0.7529
0.9971  1.0000  0.9971
0.7559  0.7529  0.7382
0.7618  0.7147  0.7118
143  trn_acc: 0.9971  val_acc: 0.7559  tst_acc: 0.7618
0.9912  0.9971  0.9956
0.7235  0.7441  0.7265
0.7235  0.7147  0.7029
144  trn_acc: 0.9912  val_acc: 0.7235  tst_acc: 0.7235
1.0000  1.0000  1.0000
0.7412  0.7441  0.7265
0.7500  0.7176  0.7118
145  trn_acc: 1.0000  val_acc: 0.7412  tst_acc: 0.7500
0.9985  1.0000  1.0000
0.7412  0.7500  0.7294
0.7500  0.7324  0.6941
146  trn_acc: 0.9985  val_acc: 0.7412  tst_acc: 0.7500
0.9985  1.0000  1.0000
0.6971  0.7353  0.7353
0.7500  0.7118  0.7265
147  trn_acc: 0.9985  val_acc: 0.6971  tst_acc: 0.7500
1.0000  1.0000  1.0000
0.7647  0.7647  0.7500
0.7618  0.7147  0.7088
148  trn_acc: 1.0000  val_acc: 0.7647  tst_acc: 0.7618
1.0000  1.0000  1.0000
0.7500  0.7529  0.7412
0.7500  0.7206  0.7147
149  trn_acc: 1.0000  val_acc: 0.7500  tst_acc: 0.7500
0.9853  0.9897  0.9971
0.7206  0.7500  0.7235
0.7294  0.6912  0.7029
150  trn_acc: 0.9853  val_acc: 0.7206  tst_acc: 0.7294
1.0000  1.0000  1.0000
0.7559  0.7500  0.7559
0.7500  0.7471  0.7265
151  trn_acc: 1.0000  val_acc: 0.7559  tst_acc: 0.7500
1.0000  1.0000  0.9868
0.7441  0.7500  0.7441
0.7382  0.7294  0.7059
152  trn_acc: 1.0000  val_acc: 0.7441  tst_acc: 0.7382
1.0000  1.0000  1.0000
0.7441  0.7559  0.7294
0.7353  0.7235  0.6941
153  trn_acc: 1.0000  val_acc: 0.7441  tst_acc: 0.7353
0.9956  0.9985  1.0000
0.7412  0.7559  0.7294
0.7265  0.7294  0.7088
154  trn_acc: 0.9956  val_acc: 0.7412  tst_acc: 0.7265
0.9544  0.9779  0.9941
0.7000  0.7382  0.7235
0.7235  0.7265  0.7029
155  trn_acc: 0.9544  val_acc: 0.7000  tst_acc: 0.7235
0.9897  0.9971  1.0000
0.7529  0.7588  0.7265
0.7206  0.7147  0.7353
156  trn_acc: 0.9897  val_acc: 0.7529  tst_acc: 0.7206
1.0000  1.0000  1.0000
0.7735  0.7735  0.7412
0.7500  0.7382  0.7265
157  trn_acc: 1.0000  val_acc: 0.7735  tst_acc: 0.7500
1.0000  1.0000  1.0000
0.7794  0.7618  0.7382
0.7588  0.7324  0.7206
158  trn_acc: 1.0000  val_acc: 0.7794  tst_acc: 0.7588
0.9838  1.0000  1.0000
0.7441  0.7588  0.7294
0.7147  0.7206  0.7176
159  trn_acc: 0.9838  val_acc: 0.7441  tst_acc: 0.7147
1.0000  1.0000  1.0000
0.7588  0.7765  0.7176
0.7676  0.7412  0.7147
160  trn_acc: 1.0000  val_acc: 0.7588  tst_acc: 0.7676
1.0000  1.0000  1.0000
0.7559  0.7618  0.7324
0.7235  0.7441  0.7176
161  trn_acc: 1.0000  val_acc: 0.7559  tst_acc: 0.7235
0.9985  0.9985  1.0000
0.7676  0.7382  0.7588
0.7588  0.7353  0.7000
162  trn_acc: 0.9985  val_acc: 0.7676  tst_acc: 0.7588
1.0000  1.0000  1.0000
0.7353  0.7382  0.7559
0.7559  0.7265  0.7059
163  trn_acc: 1.0000  val_acc: 0.7353  tst_acc: 0.7559
1.0000  1.0000  1.0000
0.7382  0.7529  0.7412
0.7706  0.7353  0.7059
164  trn_acc: 1.0000  val_acc: 0.7382  tst_acc: 0.7706
1.0000  1.0000  1.0000
0.7559  0.7559  0.7382
0.7382  0.7118  0.7235
165  trn_acc: 1.0000  val_acc: 0.7559  tst_acc: 0.7382
1.0000  1.0000  1.0000
0.7412  0.7618  0.7412
0.7618  0.7382  0.7294
166  trn_acc: 1.0000  val_acc: 0.7412  tst_acc: 0.7618
1.0000  1.0000  1.0000
0.7441  0.7500  0.7324
0.7618  0.7294  0.7029
167  trn_acc: 1.0000  val_acc: 0.7441  tst_acc: 0.7618
1.0000  1.0000  0.9985
0.7559  0.7529  0.7441
0.7500  0.7412  0.7176
168  trn_acc: 1.0000  val_acc: 0.7559  tst_acc: 0.7500
0.9985  1.0000  0.9985
0.7324  0.7588  0.7706
0.7353  0.7235  0.7147
169  trn_acc: 0.9985  val_acc: 0.7324  tst_acc: 0.7353
0.9750  0.9794  0.9912
0.7441  0.7441  0.7353
0.7500  0.7324  0.7147
170  trn_acc: 0.9750  val_acc: 0.7441  tst_acc: 0.7500
1.0000  1.0000  1.0000
0.7412  0.7588  0.7500
0.7471  0.7265  0.7235
171  trn_acc: 1.0000  val_acc: 0.7412  tst_acc: 0.7471
0.9985  0.9971  1.0000
0.7588  0.7471  0.7176
0.7500  0.7206  0.7088
172  trn_acc: 0.9985  val_acc: 0.7588  tst_acc: 0.7500
0.9897  0.9926  0.9985
0.7059  0.7029  0.7029
0.7118  0.7029  0.7088
173  trn_acc: 0.9897  val_acc: 0.7059  tst_acc: 0.7118
0.9985  1.0000  1.0000
0.7559  0.7647  0.7559
0.7676  0.7382  0.7235
174  trn_acc: 0.9985  val_acc: 0.7559  tst_acc: 0.7676
0.9985  1.0000  1.0000
0.7676  0.7647  0.7647
0.7647  0.7294  0.7206
175  trn_acc: 0.9985  val_acc: 0.7676  tst_acc: 0.7647
1.0000  1.0000  1.0000
0.7824  0.7588  0.7559
0.7529  0.7059  0.7176
176  trn_acc: 1.0000  val_acc: 0.7824  tst_acc: 0.7529
1.0000  1.0000  1.0000
0.7941  0.7647  0.7471
0.7588  0.7265  0.7235
177  trn_acc: 1.0000  val_acc: 0.7941  tst_acc: 0.7588
1.0000  0.9985  1.0000
0.7529  0.7529  0.7559
0.7294  0.7235  0.7235
178  trn_acc: 1.0000  val_acc: 0.7529  tst_acc: 0.7294
0.9985  1.0000  1.0000
0.7765  0.7382  0.7412
0.7353  0.7294  0.7118
179  trn_acc: 0.9985  val_acc: 0.7765  tst_acc: 0.7353
0.9662  0.9985  1.0000
0.6971  0.7324  0.7118
0.6941  0.7382  0.7176
180  trn_acc: 0.9662  val_acc: 0.6971  tst_acc: 0.6941
177 0.7588 0.7941 1.0000 1.0000





getGoogleNet_v1_2like

Doing: 3
(?, 111, 111, 64)
(?, 56, 56, 64)
(?, 56, 56, 192)
(?, 28, 28, 192)
(?, 28, 28, 256)
(?, 28, 28, 480)
(?, 14, 14, 480)
(?, 14, 14, 512)
(?, 17)
(?, 14, 14, 512)
(?, 14, 14, 512)
(?, 14, 14, 528)
(?, 17)
(?, 14, 14, 832)
(?, 7, 7, 832)
(?, 7, 7, 832)
(?, 7, 7, 1024)
(?, 1, 1, 1024)
(?, 1000)
(?, 17)
0.0603  0.0588  0.0897
0.0588  0.0588  0.1000
0.0588  0.0588  0.0971
1  trn_acc: 0.0603  val_acc: 0.0588  tst_acc: 0.0588
0.1176  0.1294  0.1456
0.1088  0.1265  0.1647
0.1235  0.1294  0.1353
2  trn_acc: 0.1176  val_acc: 0.1088  tst_acc: 0.1235
0.1515  0.1897  0.2426
0.1294  0.1853  0.2412
0.1412  0.1706  0.2206
3  trn_acc: 0.1515  val_acc: 0.1294  tst_acc: 0.1412
0.1368  0.1882  0.2294
0.1265  0.2176  0.2647
0.1265  0.2147  0.2382
4  trn_acc: 0.1368  val_acc: 0.1265  tst_acc: 0.1265
0.1662  0.2103  0.2235
0.1676  0.2265  0.2265
0.1794  0.2324  0.2441
5  trn_acc: 0.1662  val_acc: 0.1676  tst_acc: 0.1794
0.1868  0.2279  0.3059
0.1706  0.2382  0.3000
0.1706  0.2500  0.3000
6  trn_acc: 0.1868  val_acc: 0.1706  tst_acc: 0.1706
0.1456  0.2353  0.3324
0.1765  0.2235  0.3471
0.1676  0.2176  0.3294
7  trn_acc: 0.1456  val_acc: 0.1765  tst_acc: 0.1676
0.1779  0.2191  0.3147
0.1853  0.2176  0.3029
0.1676  0.2088  0.2941
8  trn_acc: 0.1779  val_acc: 0.1853  tst_acc: 0.1676
0.2059  0.3868  0.4015
0.1971  0.3559  0.3647
0.2000  0.3324  0.3676
9  trn_acc: 0.2059  val_acc: 0.1971  tst_acc: 0.2000
0.2750  0.3735  0.3971
0.2824  0.3529  0.3706
0.2647  0.3706  0.3765
10  trn_acc: 0.2750  val_acc: 0.2824  tst_acc: 0.2647
0.2941  0.3706  0.4485
0.2971  0.3912  0.4441
0.3029  0.3706  0.4324
11  trn_acc: 0.2941  val_acc: 0.2971  tst_acc: 0.3029
0.3324  0.4353  0.4750
0.3206  0.3971  0.4412
0.2824  0.4000  0.4147
12  trn_acc: 0.3324  val_acc: 0.3206  tst_acc: 0.2824
0.3676  0.4353  0.4824
0.3588  0.4382  0.4529
0.3441  0.4382  0.4441
13  trn_acc: 0.3676  val_acc: 0.3588  tst_acc: 0.3441
0.2838  0.4294  0.5088
0.2941  0.3794  0.4206
0.2882  0.4088  0.4588
14  trn_acc: 0.2838  val_acc: 0.2941  tst_acc: 0.2882
0.3882  0.4838  0.5441
0.4000  0.4735  0.4824
0.3853  0.4529  0.4765
15  trn_acc: 0.3882  val_acc: 0.4000  tst_acc: 0.3853
0.4441  0.5265  0.5721
0.4235  0.4382  0.4912
0.4500  0.4941  0.5294
16  trn_acc: 0.4441  val_acc: 0.4235  tst_acc: 0.4500
0.4529  0.5676  0.6015
0.4382  0.5353  0.5265
0.4382  0.5029  0.5529
17  trn_acc: 0.4529  val_acc: 0.4382  tst_acc: 0.4382
0.5221  0.5912  0.6441
0.5118  0.5324  0.5941
0.5000  0.5118  0.5618
18  trn_acc: 0.5221  val_acc: 0.5118  tst_acc: 0.5000
0.5353  0.6088  0.6015
0.5265  0.5735  0.5500
0.5265  0.5676  0.5500
19  trn_acc: 0.5353  val_acc: 0.5265  tst_acc: 0.5265
0.5706  0.6426  0.6559
0.5500  0.5765  0.5500
0.5441  0.5735  0.5912
20  trn_acc: 0.5706  val_acc: 0.5500  tst_acc: 0.5441
0.5662  0.6324  0.6647
0.5000  0.5412  0.5824
0.5294  0.5735  0.6059
21  trn_acc: 0.5662  val_acc: 0.5000  tst_acc: 0.5294
0.5765  0.6544  0.6426
0.5559  0.5529  0.5500
0.5588  0.5735  0.5735
22  trn_acc: 0.5765  val_acc: 0.5559  tst_acc: 0.5588
0.6176  0.6721  0.6897
0.5912  0.5853  0.6059
0.5294  0.5588  0.5853
23  trn_acc: 0.6176  val_acc: 0.5912  tst_acc: 0.5294
0.6235  0.6824  0.6985
0.5824  0.5676  0.6235
0.5412  0.5676  0.6088
24  trn_acc: 0.6235  val_acc: 0.5824  tst_acc: 0.5412
0.4985  0.5956  0.6706
0.4676  0.4971  0.5500
0.4941  0.5294  0.5853
25  trn_acc: 0.4985  val_acc: 0.4676  tst_acc: 0.4941
0.6044  0.7338  0.7368
0.5294  0.5735  0.5941
0.5412  0.6118  0.6382
26  trn_acc: 0.6044  val_acc: 0.5294  tst_acc: 0.5412
0.6647  0.7265  0.7456
0.6118  0.6324  0.6412
0.5912  0.6000  0.6235
27  trn_acc: 0.6647  val_acc: 0.6118  tst_acc: 0.5912
0.6044  0.6956  0.7176
0.5500  0.5765  0.5618
0.5294  0.5794  0.5941
28  trn_acc: 0.6044  val_acc: 0.5500  tst_acc: 0.5294
0.6676  0.7426  0.7603
0.6265  0.6412  0.6324
0.5941  0.6235  0.6265
29  trn_acc: 0.6676  val_acc: 0.6265  tst_acc: 0.5941
0.6897  0.7603  0.7603
0.6676  0.6176  0.6118
0.6265  0.6412  0.6529
30  trn_acc: 0.6897  val_acc: 0.6676  tst_acc: 0.6265
0.6676  0.7412  0.7456
0.5824  0.5941  0.5882
0.5706  0.5912  0.6235
31  trn_acc: 0.6676  val_acc: 0.5824  tst_acc: 0.5706
0.7721  0.8206  0.8221
0.6500  0.6735  0.6706
0.6500  0.6412  0.6559
32  trn_acc: 0.7721  val_acc: 0.6500  tst_acc: 0.6500
0.7456  0.8103  0.8029
0.6294  0.6176  0.6294
0.6000  0.6118  0.6471
33  trn_acc: 0.7456  val_acc: 0.6294  tst_acc: 0.6000
0.7500  0.7838  0.7779
0.5912  0.6000  0.6382
0.6118  0.6324  0.6412
34  trn_acc: 0.7500  val_acc: 0.5912  tst_acc: 0.6118
0.7338  0.7897  0.7765
0.6059  0.6235  0.6324
0.6206  0.6471  0.6265
35  trn_acc: 0.7338  val_acc: 0.6059  tst_acc: 0.6206
0.7574  0.8162  0.8074
0.6706  0.6441  0.6471
0.6441  0.6912  0.6853
36  trn_acc: 0.7574  val_acc: 0.6706  tst_acc: 0.6441
0.7618  0.8221  0.8147
0.6176  0.6500  0.6235
0.6382  0.6735  0.6618
37  trn_acc: 0.7618  val_acc: 0.6176  tst_acc: 0.6382
0.8618  0.8838  0.8603
0.7206  0.6912  0.6618
0.6794  0.6941  0.6706
38  trn_acc: 0.8618  val_acc: 0.7206  tst_acc: 0.6794
0.8279  0.8985  0.8691
0.6912  0.6735  0.6588
0.6559  0.6941  0.6912
39  trn_acc: 0.8279  val_acc: 0.6912  tst_acc: 0.6559
0.8426  0.8897  0.8765
0.6471  0.6618  0.6765
0.6235  0.6294  0.7176
40  trn_acc: 0.8426  val_acc: 0.6471  tst_acc: 0.6235
0.8750  0.9103  0.8824
0.6529  0.6441  0.6882
0.6618  0.7147  0.6971
41  trn_acc: 0.8750  val_acc: 0.6529  tst_acc: 0.6618
0.8779  0.9088  0.8941
0.6765  0.6824  0.6971
0.6647  0.7000  0.6941
42  trn_acc: 0.8779  val_acc: 0.6765  tst_acc: 0.6647
0.9147  0.9279  0.9029
0.7059  0.7088  0.7088
0.7059  0.7235  0.7118
43  trn_acc: 0.9147  val_acc: 0.7059  tst_acc: 0.7059
0.8618  0.8956  0.8721
0.6706  0.6529  0.6706
0.6824  0.6765  0.6912
44  trn_acc: 0.8618  val_acc: 0.6706  tst_acc: 0.6824
0.9015  0.9397  0.9103
0.6941  0.6824  0.6882
0.6676  0.6706  0.7059
45  trn_acc: 0.9015  val_acc: 0.6941  tst_acc: 0.6676
0.8162  0.8721  0.8824
0.6147  0.6500  0.6765
0.5912  0.6500  0.6588
46  trn_acc: 0.8162  val_acc: 0.6147  tst_acc: 0.5912
0.8691  0.9147  0.8779
0.6588  0.6618  0.6529
0.6618  0.7118  0.6676
47  trn_acc: 0.8691  val_acc: 0.6588  tst_acc: 0.6618
0.9456  0.9618  0.9324
0.6882  0.7059  0.7118
0.7000  0.7176  0.7118
48  trn_acc: 0.9456  val_acc: 0.6882  tst_acc: 0.7000
0.9574  0.9750  0.9588
0.7118  0.6912  0.7147
0.7235  0.7206  0.7382
49  trn_acc: 0.9574  val_acc: 0.7118  tst_acc: 0.7235
0.9206  0.9353  0.9044
0.7059  0.6824  0.6853
0.6882  0.7088  0.7118
50  trn_acc: 0.9206  val_acc: 0.7059  tst_acc: 0.6882
0.9088  0.9382  0.9103
0.7206  0.6912  0.6853
0.6676  0.6971  0.6853
51  trn_acc: 0.9088  val_acc: 0.7206  tst_acc: 0.6676
0.9750  0.9794  0.9544
0.7059  0.7147  0.6941
0.7000  0.7294  0.7176
52  trn_acc: 0.9750  val_acc: 0.7059  tst_acc: 0.7000
0.9485  0.9779  0.9588
0.7059  0.6824  0.7324
0.6971  0.7206  0.7382
53  trn_acc: 0.9485  val_acc: 0.7059  tst_acc: 0.6971
0.9250  0.9279  0.9456
0.6941  0.6618  0.7206
0.6912  0.6706  0.7353
54  trn_acc: 0.9250  val_acc: 0.6941  tst_acc: 0.6912
0.9691  0.9868  0.9691
0.6971  0.7147  0.6912
0.6941  0.7471  0.7265
55  trn_acc: 0.9691  val_acc: 0.6971  tst_acc: 0.6941
0.9515  0.9735  0.9544
0.7147  0.6971  0.7118
0.6794  0.7206  0.7118
56  trn_acc: 0.9515  val_acc: 0.7147  tst_acc: 0.6794
0.9632  0.9824  0.9794
0.7235  0.7059  0.7206
0.6971  0.7265  0.7353
57  trn_acc: 0.9632  val_acc: 0.7235  tst_acc: 0.6971
0.8721  0.9191  0.8971
0.6118  0.6471  0.6676
0.6324  0.6618  0.6735
58  trn_acc: 0.8721  val_acc: 0.6118  tst_acc: 0.6324
0.9750  0.9809  0.9735
0.7206  0.7382  0.7471
0.7088  0.7265  0.7353
59  trn_acc: 0.9750  val_acc: 0.7206  tst_acc: 0.7088
0.8735  0.9309  0.8956
0.6500  0.6824  0.6588
0.6618  0.6912  0.6765
60  trn_acc: 0.8735  val_acc: 0.6500  tst_acc: 0.6618
0.9618  0.9500  0.9559
0.6941  0.6794  0.6765
0.7324  0.6941  0.7235
61  trn_acc: 0.9618  val_acc: 0.6941  tst_acc: 0.7324
0.9882  0.9926  0.9882
0.7353  0.7176  0.7235
0.7382  0.7324  0.7471
62  trn_acc: 0.9882  val_acc: 0.7353  tst_acc: 0.7382
0.9985  1.0000  0.9897
0.7353  0.7294  0.7147
0.7265  0.7235  0.7265
63  trn_acc: 0.9985  val_acc: 0.7353  tst_acc: 0.7265
0.9618  0.9574  0.9529
0.7235  0.7088  0.7147
0.7353  0.6941  0.7088
64  trn_acc: 0.9618  val_acc: 0.7235  tst_acc: 0.7353
0.9897  0.9941  0.9824
0.7265  0.6941  0.6971
0.7147  0.7412  0.7471
65  trn_acc: 0.9897  val_acc: 0.7265  tst_acc: 0.7147
0.9824  0.9941  0.9824
0.7176  0.7088  0.7176
0.7088  0.7324  0.7441
66  trn_acc: 0.9824  val_acc: 0.7176  tst_acc: 0.7088
0.9912  0.9868  0.9824
0.7147  0.7088  0.7118
0.7000  0.7235  0.7382
67  trn_acc: 0.9912  val_acc: 0.7147  tst_acc: 0.7000
0.9838  0.9956  0.9691
0.7353  0.7206  0.7235
0.7441  0.7588  0.7412
68  trn_acc: 0.9838  val_acc: 0.7353  tst_acc: 0.7441
0.9956  0.9985  0.9926
0.7059  0.7000  0.7382
0.7324  0.7353  0.7382
69  trn_acc: 0.9956  val_acc: 0.7059  tst_acc: 0.7324
0.9868  0.9912  0.9868
0.7088  0.7235  0.7235
0.6971  0.7088  0.7294
70  trn_acc: 0.9868  val_acc: 0.7088  tst_acc: 0.6971
0.9368  0.9676  0.9735
0.6971  0.6853  0.6882
0.6882  0.7118  0.7441
71  trn_acc: 0.9368  val_acc: 0.6971  tst_acc: 0.6882
0.9985  1.0000  1.0000
0.7441  0.7353  0.7353
0.7471  0.7441  0.7735
72  trn_acc: 0.9985  val_acc: 0.7441  tst_acc: 0.7471
0.9485  0.9794  0.9794
0.7118  0.6941  0.7000
0.6765  0.7029  0.6912
73  trn_acc: 0.9485  val_acc: 0.7118  tst_acc: 0.6765
0.9765  0.9956  0.9618
0.7029  0.7265  0.7088
0.6765  0.7294  0.7088
74  trn_acc: 0.9765  val_acc: 0.7029  tst_acc: 0.6765
0.9588  0.9868  0.9868
0.6882  0.7088  0.7088
0.6971  0.7294  0.7471
75  trn_acc: 0.9588  val_acc: 0.6882  tst_acc: 0.6971
0.9971  0.9985  0.9985
0.7471  0.7176  0.7265
0.7500  0.7412  0.7382
76  trn_acc: 0.9971  val_acc: 0.7471  tst_acc: 0.7500
0.9926  0.9956  0.9897
0.7206  0.7059  0.7265
0.7382  0.7500  0.7529
77  trn_acc: 0.9926  val_acc: 0.7206  tst_acc: 0.7382
0.8897  0.9103  0.9088
0.6824  0.6735  0.6853
0.6853  0.6882  0.7088
78  trn_acc: 0.8897  val_acc: 0.6824  tst_acc: 0.6853
1.0000  0.9985  0.9971
0.7471  0.7382  0.7000
0.7235  0.7471  0.7412
79  trn_acc: 1.0000  val_acc: 0.7471  tst_acc: 0.7235
0.9147  0.9750  0.9662
0.6941  0.7000  0.7059
0.6912  0.7441  0.7206
80  trn_acc: 0.9147  val_acc: 0.6941  tst_acc: 0.6912
0.9985  1.0000  1.0000
0.7206  0.7441  0.7265
0.7265  0.7412  0.7471
81  trn_acc: 0.9985  val_acc: 0.7206  tst_acc: 0.7265
0.9971  0.9985  1.0000
0.7412  0.7176  0.7294
0.7441  0.7412  0.7588
82  trn_acc: 0.9971  val_acc: 0.7412  tst_acc: 0.7441
0.9706  0.9529  0.9750
0.7559  0.7176  0.7206
0.7500  0.7471  0.7588
83  trn_acc: 0.9706  val_acc: 0.7559  tst_acc: 0.7500
1.0000  1.0000  1.0000
0.7471  0.7441  0.7500
0.7588  0.7441  0.7647
84  trn_acc: 1.0000  val_acc: 0.7471  tst_acc: 0.7588
0.7676  0.8191  0.8985
0.5618  0.5853  0.6471
0.5853  0.6088  0.6647
85  trn_acc: 0.7676  val_acc: 0.5618  tst_acc: 0.5853
0.9956  0.9941  0.9971
0.7529  0.7500  0.7441
0.7441  0.7588  0.7559
86  trn_acc: 0.9956  val_acc: 0.7529  tst_acc: 0.7441
0.9912  0.9941  0.9985
0.7265  0.7176  0.7118
0.7559  0.7441  0.7588
87  trn_acc: 0.9912  val_acc: 0.7265  tst_acc: 0.7559
0.9544  0.9618  0.9868
0.6588  0.6735  0.7088
0.7176  0.7000  0.7618
88  trn_acc: 0.9544  val_acc: 0.6588  tst_acc: 0.7176
1.0000  1.0000  1.0000
0.7559  0.7324  0.7588
0.7882  0.7676  0.7618
89  trn_acc: 1.0000  val_acc: 0.7559  tst_acc: 0.7882
1.0000  1.0000  1.0000
0.7294  0.7294  0.7324
0.7559  0.7618  0.7706
90  trn_acc: 1.0000  val_acc: 0.7294  tst_acc: 0.7559
0.9618  0.9897  0.9721
0.6824  0.6971  0.6794
0.6941  0.7088  0.6941
91  trn_acc: 0.9618  val_acc: 0.6824  tst_acc: 0.6941
1.0000  0.9985  0.9985
0.7353  0.7412  0.7500
0.7441  0.7412  0.7618
92  trn_acc: 1.0000  val_acc: 0.7353  tst_acc: 0.7441
0.9353  0.9397  0.9750
0.6441  0.6765  0.6647
0.6853  0.6735  0.7118
93  trn_acc: 0.9353  val_acc: 0.6441  tst_acc: 0.6853
0.9956  0.9956  0.9941
0.7412  0.7412  0.7441
0.7529  0.7500  0.7559
94  trn_acc: 0.9956  val_acc: 0.7412  tst_acc: 0.7529
0.9985  1.0000  1.0000
0.7500  0.7265  0.7235
0.7647  0.7471  0.7529
95  trn_acc: 0.9985  val_acc: 0.7500  tst_acc: 0.7647
0.9985  0.9897  0.9971
0.7324  0.7294  0.7412
0.7647  0.7588  0.7647
96  trn_acc: 0.9985  val_acc: 0.7324  tst_acc: 0.7647
0.9103  0.9750  0.9941
0.6882  0.7353  0.7382
0.6912  0.7294  0.7676
97  trn_acc: 0.9103  val_acc: 0.6882  tst_acc: 0.6912
0.9779  0.9912  0.9985
0.7147  0.7206  0.7382
0.7235  0.7559  0.7706
98  trn_acc: 0.9779  val_acc: 0.7147  tst_acc: 0.7235
0.9985  1.0000  1.0000
0.7588  0.7559  0.7471
0.7618  0.7735  0.7559
99  trn_acc: 0.9985  val_acc: 0.7588  tst_acc: 0.7618
0.7485  0.8044  0.8441
0.5853  0.6000  0.6235
0.5676  0.5794  0.6059
100  trn_acc: 0.7485  val_acc: 0.5853  tst_acc: 0.5676
1.0000  0.9985  0.9985
0.7412  0.7235  0.7588
0.7647  0.7588  0.7618
101  trn_acc: 1.0000  val_acc: 0.7412  tst_acc: 0.7647
0.9971  1.0000  0.9985
0.7353  0.7412  0.7324
0.7441  0.7559  0.7735
102  trn_acc: 0.9971  val_acc: 0.7353  tst_acc: 0.7441
0.9897  1.0000  1.0000
0.7206  0.7000  0.7059
0.7412  0.7176  0.7647
103  trn_acc: 0.9897  val_acc: 0.7206  tst_acc: 0.7412
0.9985  1.0000  0.9971
0.7412  0.7294  0.7088
0.7618  0.7500  0.7441
104  trn_acc: 0.9985  val_acc: 0.7412  tst_acc: 0.7618
0.9897  0.9941  0.9868
0.7441  0.7265  0.7294
0.7529  0.7382  0.7559
105  trn_acc: 0.9897  val_acc: 0.7441  tst_acc: 0.7529
0.9985  1.0000  1.0000
0.7324  0.7353  0.7382
0.7559  0.7412  0.7676
106  trn_acc: 0.9985  val_acc: 0.7324  tst_acc: 0.7559
0.9956  1.0000  1.0000
0.7265  0.7235  0.7412
0.7294  0.7500  0.7471
107  trn_acc: 0.9956  val_acc: 0.7265  tst_acc: 0.7294
0.9985  1.0000  1.0000
0.7412  0.7265  0.7441
0.7412  0.7441  0.7529
108  trn_acc: 0.9985  val_acc: 0.7412  tst_acc: 0.7412
1.0000  1.0000  1.0000
0.7618  0.7500  0.7412
0.7706  0.7559  0.7647
109  trn_acc: 1.0000  val_acc: 0.7618  tst_acc: 0.7706
0.9985  0.9971  1.0000
0.7559  0.7353  0.7441
0.7382  0.7471  0.7500
110  trn_acc: 0.9985  val_acc: 0.7559  tst_acc: 0.7382
0.9985  1.0000  1.0000
0.7647  0.7353  0.7471
0.7735  0.7500  0.7588
111  trn_acc: 0.9985  val_acc: 0.7647  tst_acc: 0.7735
0.9941  1.0000  1.0000
0.7765  0.7118  0.7529
0.7471  0.7529  0.7794
112  trn_acc: 0.9941  val_acc: 0.7765  tst_acc: 0.7471
1.0000  1.0000  1.0000
0.7647  0.7294  0.7441
0.7559  0.7441  0.7559
113  trn_acc: 1.0000  val_acc: 0.7647  tst_acc: 0.7559
1.0000  1.0000  1.0000
0.7559  0.7324  0.7324
0.7824  0.7500  0.7618
114  trn_acc: 1.0000  val_acc: 0.7559  tst_acc: 0.7824
0.9956  0.9971  0.9971
0.7647  0.7265  0.7324
0.7206  0.7382  0.7706
115  trn_acc: 0.9956  val_acc: 0.7647  tst_acc: 0.7206
0.9926  0.9956  0.9956
0.7529  0.7412  0.7294
0.7500  0.7206  0.7588
116  trn_acc: 0.9926  val_acc: 0.7529  tst_acc: 0.7500
0.9985  1.0000  1.0000
0.7412  0.7206  0.7441
0.7559  0.7588  0.7647
117  trn_acc: 0.9985  val_acc: 0.7412  tst_acc: 0.7559
0.9897  1.0000  0.9985
0.7029  0.7029  0.7353
0.7147  0.7265  0.7382
118  trn_acc: 0.9897  val_acc: 0.7029  tst_acc: 0.7147
0.9897  1.0000  1.0000
0.7265  0.7029  0.7206
0.7324  0.7235  0.7382
119  trn_acc: 0.9897  val_acc: 0.7265  tst_acc: 0.7324
1.0000  1.0000  1.0000
0.7471  0.7294  0.7500
0.7500  0.7500  0.7647
120  trn_acc: 1.0000  val_acc: 0.7471  tst_acc: 0.7500
0.9809  0.9765  0.9441
0.7029  0.6853  0.6912
0.7147  0.7147  0.6912
121  trn_acc: 0.9809  val_acc: 0.7029  tst_acc: 0.7147
0.9985  1.0000  1.0000
0.7471  0.7529  0.7588
0.7382  0.7441  0.7735
122  trn_acc: 0.9985  val_acc: 0.7471  tst_acc: 0.7382
1.0000  1.0000  1.0000
0.7706  0.7647  0.7559
0.7588  0.7588  0.7706
123  trn_acc: 1.0000  val_acc: 0.7706  tst_acc: 0.7588
0.9588  0.9765  0.9941
0.7176  0.6735  0.6882
0.7265  0.6941  0.7294
124  trn_acc: 0.9588  val_acc: 0.7176  tst_acc: 0.7265
1.0000  1.0000  1.0000
0.7529  0.7559  0.7706
0.7618  0.7618  0.7706
125  trn_acc: 1.0000  val_acc: 0.7529  tst_acc: 0.7618
0.9529  0.9676  0.9882
0.7324  0.7206  0.7353
0.7059  0.7294  0.7147
126  trn_acc: 0.9529  val_acc: 0.7324  tst_acc: 0.7059
1.0000  1.0000  1.0000
0.7382  0.7559  0.7412
0.7441  0.7588  0.7618
127  trn_acc: 1.0000  val_acc: 0.7382  tst_acc: 0.7441
1.0000  1.0000  0.9985
0.7765  0.7529  0.7529
0.7618  0.7529  0.7882
128  trn_acc: 1.0000  val_acc: 0.7765  tst_acc: 0.7618
0.9824  0.9956  0.9985
0.7176  0.7294  0.7412
0.7353  0.7265  0.7706
129  trn_acc: 0.9824  val_acc: 0.7176  tst_acc: 0.7353
0.9956  0.9985  1.0000
0.7559  0.7471  0.7588
0.7676  0.7529  0.7735
130  trn_acc: 0.9956  val_acc: 0.7559  tst_acc: 0.7676
0.9971  0.9941  0.9985
0.7471  0.7265  0.7412
0.7588  0.7147  0.7471
131  trn_acc: 0.9971  val_acc: 0.7471  tst_acc: 0.7588
1.0000  1.0000  1.0000
0.7647  0.7618  0.7147
0.7618  0.7618  0.7529
132  trn_acc: 1.0000  val_acc: 0.7647  tst_acc: 0.7618
1.0000  1.0000  1.0000
0.7588  0.7529  0.7412
0.7500  0.7588  0.7676
133  trn_acc: 1.0000  val_acc: 0.7588  tst_acc: 0.7500
1.0000  1.0000  1.0000
0.7500  0.7441  0.7559
0.7559  0.7765  0.7647
134  trn_acc: 1.0000  val_acc: 0.7500  tst_acc: 0.7559
1.0000  1.0000  0.9985
0.7500  0.7500  0.7529
0.7647  0.7647  0.7676
135  trn_acc: 1.0000  val_acc: 0.7500  tst_acc: 0.7647
0.9956  1.0000  1.0000
0.7265  0.7294  0.7176
0.7412  0.7471  0.7500
136  trn_acc: 0.9956  val_acc: 0.7265  tst_acc: 0.7412
1.0000  1.0000  1.0000
0.7441  0.7324  0.7382
0.7559  0.7529  0.7765
137  trn_acc: 1.0000  val_acc: 0.7441  tst_acc: 0.7559
0.9971  0.9985  1.0000
0.7176  0.7294  0.7353
0.7471  0.7353  0.7471
138  trn_acc: 0.9971  val_acc: 0.7176  tst_acc: 0.7471
0.9882  0.9971  1.0000
0.7441  0.7353  0.7382
0.7500  0.7853  0.7735
139  trn_acc: 0.9882  val_acc: 0.7441  tst_acc: 0.7500
1.0000  1.0000  1.0000
0.7412  0.7735  0.7529
0.7500  0.7500  0.7529
140  trn_acc: 1.0000  val_acc: 0.7412  tst_acc: 0.7500
1.0000  1.0000  1.0000
0.7471  0.7500  0.7441
0.7588  0.7529  0.7441
141  trn_acc: 1.0000  val_acc: 0.7471  tst_acc: 0.7588
1.0000  1.0000  1.0000
0.7588  0.7588  0.7588
0.7647  0.7618  0.7765
142  trn_acc: 1.0000  val_acc: 0.7588  tst_acc: 0.7647
1.0000  1.0000  1.0000
0.7441  0.7647  0.7500
0.7471  0.7500  0.7676
143  trn_acc: 1.0000  val_acc: 0.7441  tst_acc: 0.7471
0.9971  0.9985  1.0000
0.7500  0.7353  0.7559
0.7647  0.7588  0.7824
144  trn_acc: 0.9971  val_acc: 0.7500  tst_acc: 0.7647
1.0000  1.0000  1.0000
0.7588  0.7765  0.7471
0.7765  0.7647  0.7647
145  trn_acc: 1.0000  val_acc: 0.7588  tst_acc: 0.7765
1.0000  1.0000  1.0000
0.7471  0.7676  0.7500
0.7559  0.7647  0.7676
146  trn_acc: 1.0000  val_acc: 0.7471  tst_acc: 0.7559
1.0000  1.0000  1.0000
0.7765  0.7647  0.7412
0.7706  0.7618  0.7676
147  trn_acc: 1.0000  val_acc: 0.7765  tst_acc: 0.7706
1.0000  1.0000  1.0000
0.7559  0.7588  0.7147
0.7471  0.7441  0.7471
148  trn_acc: 1.0000  val_acc: 0.7559  tst_acc: 0.7471
1.0000  0.9985  1.0000
0.7765  0.7735  0.7412
0.7618  0.7471  0.7794
149  trn_acc: 1.0000  val_acc: 0.7765  tst_acc: 0.7618
0.9882  0.9985  0.9985
0.7500  0.7441  0.7206
0.7412  0.7618  0.7353
150  trn_acc: 0.9882  val_acc: 0.7500  tst_acc: 0.7412
0.9838  0.9838  0.9956
0.7353  0.7294  0.7324
0.7324  0.7265  0.7588
151  trn_acc: 0.9838  val_acc: 0.7353  tst_acc: 0.7324
0.9985  1.0000  1.0000
0.7588  0.7412  0.7412
0.7559  0.7529  0.7559
152  trn_acc: 0.9985  val_acc: 0.7588  tst_acc: 0.7559
1.0000  1.0000  1.0000
0.7912  0.7706  0.7412
0.7676  0.7765  0.7618
153  trn_acc: 1.0000  val_acc: 0.7912  tst_acc: 0.7676
0.9221  0.9382  0.9485
0.7118  0.6941  0.7294
0.6824  0.7118  0.7118
154  trn_acc: 0.9221  val_acc: 0.7118  tst_acc: 0.6824
0.9971  0.9985  1.0000
0.7500  0.7324  0.7441
0.7500  0.7412  0.7735
155  trn_acc: 0.9971  val_acc: 0.7500  tst_acc: 0.7500
1.0000  1.0000  1.0000
0.7647  0.7618  0.7500
0.7765  0.7676  0.7882
156  trn_acc: 1.0000  val_acc: 0.7647  tst_acc: 0.7765
1.0000  1.0000  0.9956
0.7676  0.7382  0.7294
0.7735  0.7529  0.7647
157  trn_acc: 1.0000  val_acc: 0.7676  tst_acc: 0.7735
1.0000  1.0000  1.0000
0.7588  0.7676  0.7471
0.7676  0.7765  0.7412
158  trn_acc: 1.0000  val_acc: 0.7588  tst_acc: 0.7676
0.9897  0.9941  1.0000
0.7235  0.7353  0.7353
0.7471  0.7500  0.7647
159  trn_acc: 0.9897  val_acc: 0.7235  tst_acc: 0.7471
0.9985  1.0000  1.0000
0.7500  0.7647  0.7500
0.7706  0.7618  0.7676
160  trn_acc: 0.9985  val_acc: 0.7500  tst_acc: 0.7706
1.0000  1.0000  1.0000
0.7647  0.7618  0.7471
0.7647  0.7706  0.7647
161  trn_acc: 1.0000  val_acc: 0.7647  tst_acc: 0.7647
0.9588  0.9765  0.9985
0.7176  0.7471  0.7441
0.7118  0.7441  0.7412
162  trn_acc: 0.9588  val_acc: 0.7176  tst_acc: 0.7118
1.0000  1.0000  1.0000
0.7471  0.7412  0.7529
0.7559  0.7412  0.7735
163  trn_acc: 1.0000  val_acc: 0.7471  tst_acc: 0.7559
0.9956  1.0000  0.9985
0.7353  0.7294  0.6912
0.7824  0.7500  0.7618
164  trn_acc: 0.9956  val_acc: 0.7353  tst_acc: 0.7824
0.9971  1.0000  1.0000
0.7412  0.7500  0.7294
0.7588  0.7618  0.7529
165  trn_acc: 0.9971  val_acc: 0.7412  tst_acc: 0.7588
0.8853  0.9603  0.9735
0.7000  0.7147  0.7206
0.7000  0.7441  0.7588
166  trn_acc: 0.8853  val_acc: 0.7000  tst_acc: 0.7000
0.9985  1.0000  1.0000
0.7824  0.7500  0.7353
0.7853  0.7735  0.7588
167  trn_acc: 0.9985  val_acc: 0.7824  tst_acc: 0.7853
0.9971  1.0000  1.0000
0.7618  0.7706  0.7441
0.7500  0.7559  0.7735
168  trn_acc: 0.9971  val_acc: 0.7618  tst_acc: 0.7500
1.0000  1.0000  1.0000
0.7765  0.7676  0.7471
0.7853  0.7618  0.7794
169  trn_acc: 1.0000  val_acc: 0.7765  tst_acc: 0.7853
0.7956  0.8118  0.8485
0.6412  0.6500  0.6706
0.6500  0.6324  0.6500
170  trn_acc: 0.7956  val_acc: 0.6412  tst_acc: 0.6500
0.9971  1.0000  1.0000
0.7529  0.7324  0.7559
0.7912  0.7529  0.7765
171  trn_acc: 0.9971  val_acc: 0.7529  tst_acc: 0.7912
0.9912  0.9956  0.9985
0.7324  0.7294  0.7471
0.7588  0.7500  0.7676
172  trn_acc: 0.9912  val_acc: 0.7324  tst_acc: 0.7588
0.9971  1.0000  1.0000
0.7500  0.7206  0.7294
0.7588  0.7353  0.7824
173  trn_acc: 0.9971  val_acc: 0.7500  tst_acc: 0.7588
1.0000  1.0000  1.0000
0.7706  0.7353  0.7324
0.7794  0.7441  0.7735
174  trn_acc: 1.0000  val_acc: 0.7706  tst_acc: 0.7794
0.9765  0.9824  0.9985
0.7147  0.6794  0.7353
0.7235  0.7441  0.7794
175  trn_acc: 0.9765  val_acc: 0.7147  tst_acc: 0.7235
1.0000  1.0000  0.9971
0.7559  0.7353  0.7176
0.7765  0.7824  0.7529
176  trn_acc: 1.0000  val_acc: 0.7559  tst_acc: 0.7765
1.0000  1.0000  1.0000
0.7676  0.7441  0.7412
0.7882  0.7618  0.7765
177  trn_acc: 1.0000  val_acc: 0.7676  tst_acc: 0.7882
0.9956  0.9941  0.9912
0.7265  0.7412  0.7118
0.7912  0.7676  0.7324
178  trn_acc: 0.9956  val_acc: 0.7265  tst_acc: 0.7912
0.9926  0.9985  1.0000
0.7294  0.7471  0.7412
0.7500  0.7529  0.7529
179  trn_acc: 0.9926  val_acc: 0.7294  tst_acc: 0.7500
0.9926  0.9926  0.9985
0.7294  0.7118  0.7265
0.7735  0.7353  0.7559
180  trn_acc: 0.9926  val_acc: 0.7294  tst_acc: 0.7735
153 0.7676 0.7912 1.0000 1.0000
