


getGoogleNet_v1_2like_bn

Doing: 1
(?, 111, 111, 64)
(?, 56, 56, 64)
(?, 56, 56, 192)
(?, 28, 28, 192)
(?, 28, 28, 256)
(?, 28, 28, 480)
(?, 14, 14, 480)
(?, 14, 14, 512)
(?, 17)
(?, 14, 14, 512)
(?, 14, 14, 512)
(?, 14, 14, 528)
(?, 17)
(?, 14, 14, 832)
(?, 7, 7, 832)
(?, 7, 7, 832)
(?, 7, 7, 1024)
(?, 1, 1, 1024)
(?, 1000)
(?, 17)
0.0588  0.1176  0.0588
0.0588  0.1147  0.0588
0.0588  0.1235  0.0588
1  trn_acc: 0.0588  val_acc: 0.0588  tst_acc: 0.0588
0.1074  0.1588  0.1735
0.1029  0.1412  0.1647
0.0971  0.1647  0.1618
2  trn_acc: 0.1074  val_acc: 0.1029  tst_acc: 0.0971
0.1809  0.2368  0.2456
0.1618  0.1794  0.1971
0.1706  0.2324  0.2294
3  trn_acc: 0.1809  val_acc: 0.1618  tst_acc: 0.1706
0.3250  0.4500  0.5074
0.3059  0.3559  0.3647
0.3471  0.4382  0.4235
4  trn_acc: 0.3250  val_acc: 0.3059  tst_acc: 0.3471
0.4162  0.4515  0.5147
0.3676  0.3941  0.3912
0.3765  0.3676  0.4412
5  trn_acc: 0.4162  val_acc: 0.3676  tst_acc: 0.3765
0.3000  0.3515  0.4838
0.2853  0.2647  0.4294
0.3206  0.3706  0.4471
6  trn_acc: 0.3000  val_acc: 0.2853  tst_acc: 0.3206
0.3500  0.4397  0.6088
0.2971  0.3824  0.4882
0.3412  0.4118  0.5647
7  trn_acc: 0.3500  val_acc: 0.2971  tst_acc: 0.3412
0.5235  0.6279  0.6868
0.4647  0.5294  0.5471
0.4735  0.5441  0.5588
8  trn_acc: 0.5235  val_acc: 0.4647  tst_acc: 0.4735
0.6647  0.7044  0.7397
0.5647  0.5500  0.5500
0.6088  0.6676  0.6412
9  trn_acc: 0.6647  val_acc: 0.5647  tst_acc: 0.6088
0.6912  0.7426  0.8132
0.5794  0.5794  0.6206
0.6353  0.6853  0.7088
10  trn_acc: 0.6912  val_acc: 0.5794  tst_acc: 0.6353
0.6941  0.7662  0.8588
0.5529  0.5882  0.6353
0.6294  0.6588  0.6971
11  trn_acc: 0.6941  val_acc: 0.5529  tst_acc: 0.6294
0.6338  0.7309  0.8382
0.5382  0.5882  0.6235
0.5765  0.6088  0.6647
12  trn_acc: 0.6338  val_acc: 0.5382  tst_acc: 0.5765
0.7559  0.7971  0.8000
0.6088  0.6412  0.6029
0.6529  0.6824  0.6676
13  trn_acc: 0.7559  val_acc: 0.6088  tst_acc: 0.6529
0.5456  0.6485  0.6191
0.4500  0.5382  0.4559
0.4706  0.5529  0.5029
14  trn_acc: 0.5456  val_acc: 0.4500  tst_acc: 0.4706
0.7265  0.7912  0.8441
0.6000  0.6588  0.6559
0.6265  0.6588  0.6794
15  trn_acc: 0.7265  val_acc: 0.6000  tst_acc: 0.6265
0.7544  0.8265  0.8971
0.6265  0.6706  0.6882
0.6471  0.7000  0.7029
16  trn_acc: 0.7544  val_acc: 0.6265  tst_acc: 0.6471
0.6706  0.7412  0.8044
0.5324  0.5676  0.6206
0.5647  0.6088  0.6559
17  trn_acc: 0.6706  val_acc: 0.5324  tst_acc: 0.5647
0.8750  0.8985  0.9368
0.6971  0.7059  0.7059
0.7265  0.7529  0.7529
18  trn_acc: 0.8750  val_acc: 0.6971  tst_acc: 0.7265
0.7588  0.7985  0.8676
0.5971  0.6059  0.6206
0.6294  0.6176  0.6588
19  trn_acc: 0.7588  val_acc: 0.5971  tst_acc: 0.6294
0.8721  0.9103  0.9426
0.6824  0.7147  0.7088
0.7235  0.7559  0.7382
20  trn_acc: 0.8721  val_acc: 0.6824  tst_acc: 0.7235
0.8588  0.9162  0.9103
0.6500  0.6882  0.6676
0.7235  0.7529  0.7618
21  trn_acc: 0.8588  val_acc: 0.6500  tst_acc: 0.7235
0.8618  0.8706  0.9456
0.6235  0.6353  0.6353
0.6706  0.6971  0.7324
22  trn_acc: 0.8618  val_acc: 0.6235  tst_acc: 0.6706
0.8691  0.9456  0.9294
0.6824  0.7324  0.6971
0.7176  0.7529  0.7382
23  trn_acc: 0.8691  val_acc: 0.6824  tst_acc: 0.7176
0.9147  0.9382  0.9353
0.7294  0.7265  0.6971
0.7500  0.7735  0.7235
24  trn_acc: 0.9147  val_acc: 0.7294  tst_acc: 0.7500
0.9221  0.9662  0.9897
0.7265  0.7441  0.7000
0.7324  0.7588  0.7588
25  trn_acc: 0.9221  val_acc: 0.7265  tst_acc: 0.7324
0.9426  0.9706  0.9838
0.7294  0.7353  0.7353
0.7824  0.7824  0.7882
26  trn_acc: 0.9426  val_acc: 0.7294  tst_acc: 0.7824
0.9191  0.9426  0.9662
0.6882  0.6971  0.7176
0.7412  0.7529  0.7529
27  trn_acc: 0.9191  val_acc: 0.6882  tst_acc: 0.7412
0.9441  0.9529  0.9750
0.7118  0.7147  0.6853
0.7441  0.7382  0.7412
28  trn_acc: 0.9441  val_acc: 0.7118  tst_acc: 0.7441
0.9176  0.9574  0.9750
0.6647  0.6941  0.7029
0.7324  0.7853  0.7500
29  trn_acc: 0.9176  val_acc: 0.6647  tst_acc: 0.7324
0.8853  0.9441  0.9632
0.6706  0.7382  0.7235
0.7176  0.7853  0.7559
30  trn_acc: 0.8853  val_acc: 0.6706  tst_acc: 0.7176
0.9426  0.9735  0.9926
0.7118  0.7441  0.7382
0.7471  0.7735  0.7971
31  trn_acc: 0.9426  val_acc: 0.7118  tst_acc: 0.7471
0.9015  0.9382  0.9574
0.6882  0.7265  0.6971
0.7412  0.7706  0.7794
32  trn_acc: 0.9015  val_acc: 0.6882  tst_acc: 0.7412
0.8721  0.9029  0.9368
0.6559  0.6971  0.7059
0.7000  0.7235  0.7235
33  trn_acc: 0.8721  val_acc: 0.6559  tst_acc: 0.7000
0.9574  0.9794  0.9721
0.7176  0.7412  0.7118
0.7765  0.7882  0.7735
34  trn_acc: 0.9574  val_acc: 0.7176  tst_acc: 0.7765
0.9044  0.9559  0.9471
0.7000  0.7059  0.6912
0.7118  0.7265  0.7353
35  trn_acc: 0.9044  val_acc: 0.7000  tst_acc: 0.7118
0.9794  0.9882  0.9779
0.7382  0.7618  0.7265
0.7529  0.7765  0.7353
36  trn_acc: 0.9794  val_acc: 0.7382  tst_acc: 0.7529
0.8824  0.9074  0.9353
0.6412  0.6500  0.6706
0.6529  0.7029  0.7147
37  trn_acc: 0.8824  val_acc: 0.6412  tst_acc: 0.6529
0.8441  0.9279  0.9338
0.6324  0.7176  0.6618
0.6471  0.7147  0.7353
38  trn_acc: 0.8441  val_acc: 0.6324  tst_acc: 0.6471
0.8735  0.9544  0.9721
0.6794  0.7088  0.7324
0.7088  0.7529  0.7765
39  trn_acc: 0.8735  val_acc: 0.6794  tst_acc: 0.7088
0.9794  0.9912  0.9971
0.7353  0.7471  0.7471
0.7794  0.7824  0.7735
40  trn_acc: 0.9794  val_acc: 0.7353  tst_acc: 0.7794
0.9603  0.9838  0.9941
0.7029  0.7559  0.7559
0.7912  0.8000  0.8059
41  trn_acc: 0.9603  val_acc: 0.7029  tst_acc: 0.7912
0.9309  0.9618  0.9618
0.7206  0.7265  0.7118
0.7412  0.7618  0.7324
42  trn_acc: 0.9309  val_acc: 0.7206  tst_acc: 0.7412
0.9662  0.9809  0.9971
0.7324  0.7676  0.7353
0.7824  0.8059  0.8000
43  trn_acc: 0.9662  val_acc: 0.7324  tst_acc: 0.7824
0.9956  0.9985  0.9956
0.7500  0.7588  0.7471
0.7706  0.8029  0.7853
44  trn_acc: 0.9956  val_acc: 0.7500  tst_acc: 0.7706
0.9765  0.9838  0.9971
0.7265  0.7471  0.7529
0.7529  0.7853  0.7971
45  trn_acc: 0.9765  val_acc: 0.7265  tst_acc: 0.7529
0.9471  0.9897  0.9971
0.7382  0.7412  0.7647
0.7382  0.7588  0.7676
46  trn_acc: 0.9471  val_acc: 0.7382  tst_acc: 0.7382
0.9750  0.9721  0.9941
0.7147  0.7088  0.7265
0.7676  0.7618  0.7824
47  trn_acc: 0.9750  val_acc: 0.7147  tst_acc: 0.7676
0.9941  1.0000  1.0000
0.7735  0.7853  0.7765
0.8176  0.8088  0.8059
48  trn_acc: 0.9941  val_acc: 0.7735  tst_acc: 0.8176
0.9603  0.9926  0.9985
0.7265  0.7382  0.7265
0.7794  0.7706  0.7882
49  trn_acc: 0.9603  val_acc: 0.7265  tst_acc: 0.7794
0.9397  0.9691  0.9897
0.6882  0.7029  0.7147
0.7294  0.7706  0.7618
50  trn_acc: 0.9397  val_acc: 0.6882  tst_acc: 0.7294
0.9309  0.9544  0.9912
0.7088  0.7529  0.7588
0.7000  0.7441  0.7765
51  trn_acc: 0.9309  val_acc: 0.7088  tst_acc: 0.7000
0.9824  0.9853  0.9912
0.7206  0.7206  0.7588
0.7588  0.7794  0.7794
52  trn_acc: 0.9824  val_acc: 0.7206  tst_acc: 0.7588
0.9868  0.9897  0.9956
0.7382  0.7382  0.7588
0.7500  0.7882  0.7941
53  trn_acc: 0.9868  val_acc: 0.7382  tst_acc: 0.7500
0.9412  0.9618  0.9721
0.6735  0.7118  0.6971
0.7176  0.7412  0.7500
54  trn_acc: 0.9412  val_acc: 0.6735  tst_acc: 0.7176
0.9765  0.9853  0.9971
0.7324  0.7324  0.7118
0.7735  0.7824  0.7971
55  trn_acc: 0.9765  val_acc: 0.7324  tst_acc: 0.7735
0.9132  0.9176  0.9382
0.6559  0.6912  0.6618
0.7353  0.7412  0.7206
56  trn_acc: 0.9132  val_acc: 0.6559  tst_acc: 0.7353
0.9912  0.9956  0.9971
0.7500  0.7471  0.7382
0.7882  0.7941  0.7971
57  trn_acc: 0.9912  val_acc: 0.7500  tst_acc: 0.7882
0.9368  0.9676  0.9765
0.6912  0.7000  0.6882
0.7294  0.7588  0.7500
58  trn_acc: 0.9368  val_acc: 0.6912  tst_acc: 0.7294
0.9985  0.9956  0.9985
0.7588  0.7647  0.7324
0.7824  0.7735  0.7882
59  trn_acc: 0.9985  val_acc: 0.7588  tst_acc: 0.7824
0.9647  0.9765  0.9941
0.7176  0.7118  0.7676
0.7706  0.7824  0.7912
60  trn_acc: 0.9647  val_acc: 0.7176  tst_acc: 0.7706
0.9941  0.9985  0.9941
0.7265  0.7353  0.7324
0.7882  0.7941  0.7941
61  trn_acc: 0.9941  val_acc: 0.7265  tst_acc: 0.7882
0.9279  0.9662  0.9765
0.6588  0.7029  0.6882
0.7000  0.7676  0.7529
62  trn_acc: 0.9279  val_acc: 0.6588  tst_acc: 0.7000
0.6029  0.6721  0.7029
0.4500  0.4529  0.4882
0.4676  0.5118  0.5618
63  trn_acc: 0.6029  val_acc: 0.4500  tst_acc: 0.4676
0.9926  0.9926  0.9985
0.7206  0.7441  0.7471
0.7824  0.8000  0.7912
64  trn_acc: 0.9926  val_acc: 0.7206  tst_acc: 0.7824
0.9441  0.9647  0.9721
0.6971  0.7235  0.7118
0.7382  0.7794  0.7853
65  trn_acc: 0.9441  val_acc: 0.6971  tst_acc: 0.7382
0.9559  0.9765  0.9956
0.7235  0.7382  0.7529
0.7441  0.7529  0.7706
66  trn_acc: 0.9559  val_acc: 0.7235  tst_acc: 0.7441
0.9868  1.0000  0.9912
0.7206  0.7647  0.7500
0.7912  0.8059  0.7735
67  trn_acc: 0.9868  val_acc: 0.7206  tst_acc: 0.7912
0.9588  0.9926  0.9897
0.6853  0.7265  0.7294
0.7559  0.7529  0.7559
68  trn_acc: 0.9588  val_acc: 0.6853  tst_acc: 0.7559
0.9882  0.9912  1.0000
0.7265  0.7294  0.7412
0.8147  0.8118  0.7765
69  trn_acc: 0.9882  val_acc: 0.7265  tst_acc: 0.8147
0.9235  0.9618  0.9353
0.6824  0.7147  0.6824
0.7382  0.7853  0.7324
70  trn_acc: 0.9235  val_acc: 0.6824  tst_acc: 0.7382
0.9882  0.9971  1.0000
0.7059  0.7088  0.7353
0.7735  0.7941  0.7912
71  trn_acc: 0.9882  val_acc: 0.7059  tst_acc: 0.7735
0.9353  0.9279  0.9853
0.6971  0.6529  0.7235
0.7235  0.7118  0.7471
72  trn_acc: 0.9353  val_acc: 0.6971  tst_acc: 0.7235
0.9868  0.9926  0.9926
0.7441  0.7529  0.7559
0.7882  0.7941  0.7765
73  trn_acc: 0.9868  val_acc: 0.7441  tst_acc: 0.7882
0.9868  0.9956  1.0000
0.7265  0.7412  0.7500
0.7853  0.8000  0.7971
74  trn_acc: 0.9868  val_acc: 0.7265  tst_acc: 0.7853
0.9868  0.9926  1.0000
0.7588  0.7706  0.7794
0.7735  0.7941  0.7676
75  trn_acc: 0.9868  val_acc: 0.7588  tst_acc: 0.7735
0.9926  0.9956  0.9985
0.7559  0.7824  0.7529
0.7882  0.8029  0.8000
76  trn_acc: 0.9926  val_acc: 0.7559  tst_acc: 0.7882
0.9794  0.9912  1.0000
0.7529  0.7559  0.7706
0.7765  0.8000  0.7794
77  trn_acc: 0.9794  val_acc: 0.7529  tst_acc: 0.7765
0.9868  0.9956  0.9971
0.7500  0.7441  0.7618
0.7882  0.7765  0.7882
78  trn_acc: 0.9868  val_acc: 0.7500  tst_acc: 0.7882
0.9971  0.9956  0.9985
0.7735  0.7618  0.7382
0.8176  0.8000  0.7676
79  trn_acc: 0.9971  val_acc: 0.7735  tst_acc: 0.8176
0.9971  0.9912  0.9956
0.7735  0.7529  0.7353
0.8029  0.7941  0.7824
80  trn_acc: 0.9971  val_acc: 0.7735  tst_acc: 0.8029
0.9544  0.9691  0.9838
0.7088  0.7265  0.7294
0.7500  0.7735  0.7559
81  trn_acc: 0.9544  val_acc: 0.7088  tst_acc: 0.7500
0.9912  0.9971  0.9985
0.7382  0.7265  0.7618
0.7471  0.7647  0.7853
82  trn_acc: 0.9912  val_acc: 0.7382  tst_acc: 0.7471
1.0000  0.9985  0.9985
0.7500  0.7441  0.7618
0.7853  0.7971  0.7765
83  trn_acc: 1.0000  val_acc: 0.7500  tst_acc: 0.7853
0.8676  0.9382  0.9368
0.6441  0.6735  0.6500
0.6765  0.7147  0.7118
84  trn_acc: 0.8676  val_acc: 0.6441  tst_acc: 0.6765
0.9838  0.9868  0.9809
0.7206  0.7529  0.7353
0.7647  0.7618  0.7882
85  trn_acc: 0.9838  val_acc: 0.7206  tst_acc: 0.7647
0.9824  0.9956  0.9897
0.7118  0.7412  0.7088
0.7559  0.7882  0.7353
86  trn_acc: 0.9824  val_acc: 0.7118  tst_acc: 0.7559
0.9897  0.9926  0.9971
0.7059  0.7265  0.7382
0.7529  0.7794  0.7676
87  trn_acc: 0.9897  val_acc: 0.7059  tst_acc: 0.7529
0.9941  0.9985  1.0000
0.7471  0.7735  0.7765
0.7676  0.8059  0.7912
88  trn_acc: 0.9941  val_acc: 0.7471  tst_acc: 0.7676
0.9235  0.9500  0.9956
0.6676  0.6676  0.7471
0.7029  0.7206  0.7676
89  trn_acc: 0.9235  val_acc: 0.6676  tst_acc: 0.7029
0.9971  0.9985  0.9941
0.7500  0.7471  0.7706
0.7853  0.8059  0.7971
90  trn_acc: 0.9971  val_acc: 0.7500  tst_acc: 0.7853
0.9971  0.9985  1.0000
0.7647  0.7706  0.7588
0.8000  0.8206  0.8118
91  trn_acc: 0.9971  val_acc: 0.7647  tst_acc: 0.8000
0.9956  0.9985  0.9956
0.7529  0.7676  0.7706
0.7971  0.8147  0.7971
92  trn_acc: 0.9956  val_acc: 0.7529  tst_acc: 0.7971
0.9882  0.9912  0.9926
0.7353  0.7588  0.7353
0.7676  0.7735  0.7618
93  trn_acc: 0.9882  val_acc: 0.7353  tst_acc: 0.7676
0.9868  0.9956  1.0000
0.7235  0.7588  0.7588
0.7853  0.8206  0.8118
94  trn_acc: 0.9868  val_acc: 0.7235  tst_acc: 0.7853
0.9574  0.9853  0.9985
0.7059  0.7206  0.7353
0.7588  0.7676  0.7765
95  trn_acc: 0.9574  val_acc: 0.7059  tst_acc: 0.7588
0.9971  0.9956  0.9985
0.7735  0.7529  0.7471
0.7912  0.8029  0.7794
96  trn_acc: 0.9971  val_acc: 0.7735  tst_acc: 0.7912
0.9676  0.9926  0.9985
0.7235  0.7382  0.7353
0.7412  0.7559  0.7647
97  trn_acc: 0.9676  val_acc: 0.7235  tst_acc: 0.7412
0.8706  0.8750  0.9353
0.6765  0.6176  0.6588
0.6912  0.7000  0.7382
98  trn_acc: 0.8706  val_acc: 0.6765  tst_acc: 0.6912
0.9956  0.9971  1.0000
0.7529  0.7706  0.7588
0.8029  0.8029  0.8088
99  trn_acc: 0.9956  val_acc: 0.7529  tst_acc: 0.8029
0.9912  0.9971  1.0000
0.7500  0.7500  0.7471
0.8118  0.8088  0.7941
100  trn_acc: 0.9912  val_acc: 0.7500  tst_acc: 0.8118
0.9500  0.9676  0.9809
0.7000  0.7265  0.7088
0.7382  0.7353  0.7529
101  trn_acc: 0.9500  val_acc: 0.7000  tst_acc: 0.7382
0.9868  0.9956  0.9985
0.7382  0.7529  0.7529
0.7794  0.7971  0.7971
102  trn_acc: 0.9868  val_acc: 0.7382  tst_acc: 0.7794
0.9897  0.9971  0.9985
0.7559  0.7647  0.7676
0.7765  0.7912  0.7529
103  trn_acc: 0.9897  val_acc: 0.7559  tst_acc: 0.7765
0.9985  0.9985  1.0000
0.8059  0.7735  0.7529
0.8206  0.8088  0.8000
104  trn_acc: 0.9985  val_acc: 0.8059  tst_acc: 0.8206
0.9838  0.9926  1.0000
0.7500  0.7559  0.7500
0.7971  0.7765  0.7765
105  trn_acc: 0.9838  val_acc: 0.7500  tst_acc: 0.7971
0.9324  0.9662  0.9956
0.6706  0.7147  0.7412
0.7147  0.7588  0.7794
106  trn_acc: 0.9324  val_acc: 0.6706  tst_acc: 0.7147
0.9956  0.9779  1.0000
0.7471  0.7353  0.7500
0.7941  0.7882  0.7853
107  trn_acc: 0.9956  val_acc: 0.7471  tst_acc: 0.7941
0.9971  1.0000  1.0000
0.7324  0.7647  0.7647
0.7912  0.7941  0.8176
108  trn_acc: 0.9971  val_acc: 0.7324  tst_acc: 0.7912
0.9926  0.9941  0.9985
0.7235  0.7206  0.7676
0.7824  0.7853  0.7912
109  trn_acc: 0.9926  val_acc: 0.7235  tst_acc: 0.7824
0.9868  0.9853  0.9956
0.7118  0.7059  0.7529
0.7765  0.7824  0.7824
110  trn_acc: 0.9868  val_acc: 0.7118  tst_acc: 0.7765
0.9662  0.9971  0.9971
0.7265  0.7618  0.7735
0.7706  0.8059  0.8000
111  trn_acc: 0.9662  val_acc: 0.7265  tst_acc: 0.7706
0.9926  0.9956  0.9985
0.7500  0.7471  0.7588
0.7735  0.7765  0.7971
112  trn_acc: 0.9926  val_acc: 0.7500  tst_acc: 0.7735
0.9824  0.9676  0.9956
0.7118  0.6735  0.7294
0.7588  0.7353  0.7706
113  trn_acc: 0.9824  val_acc: 0.7118  tst_acc: 0.7588
1.0000  1.0000  1.0000
0.7735  0.7765  0.7794
0.8147  0.8029  0.8029
114  trn_acc: 1.0000  val_acc: 0.7735  tst_acc: 0.8147
0.9882  0.9853  0.9941
0.7147  0.7382  0.7206
0.7735  0.7794  0.7706
115  trn_acc: 0.9882  val_acc: 0.7147  tst_acc: 0.7735
0.9618  0.9868  0.9971
0.7353  0.7500  0.7559
0.7529  0.7941  0.8088
116  trn_acc: 0.9618  val_acc: 0.7353  tst_acc: 0.7529
0.9926  1.0000  1.0000
0.7676  0.7676  0.7882
0.7794  0.8118  0.7941
117  trn_acc: 0.9926  val_acc: 0.7676  tst_acc: 0.7794
0.9618  0.9676  0.9794
0.7206  0.7206  0.7176
0.7294  0.7647  0.7471
118  trn_acc: 0.9618  val_acc: 0.7206  tst_acc: 0.7294
0.9838  0.9706  0.9985
0.6794  0.7059  0.7235
0.7265  0.7500  0.7882
119  trn_acc: 0.9838  val_acc: 0.6794  tst_acc: 0.7265
0.9971  1.0000  1.0000
0.7559  0.7735  0.7647
0.7824  0.8088  0.7912
120  trn_acc: 0.9971  val_acc: 0.7559  tst_acc: 0.7824
1.0000  1.0000  1.0000
0.7853  0.8000  0.7853
0.8059  0.8294  0.8118
121  trn_acc: 1.0000  val_acc: 0.7853  tst_acc: 0.8059
0.9721  0.9824  0.9941
0.7029  0.7000  0.7206
0.7471  0.7559  0.7618
122  trn_acc: 0.9721  val_acc: 0.7029  tst_acc: 0.7471
0.9971  0.9985  1.0000
0.7529  0.7794  0.7853
0.7706  0.8088  0.7971
123  trn_acc: 0.9971  val_acc: 0.7529  tst_acc: 0.7706
0.9941  0.9985  0.9985
0.7324  0.7559  0.7500
0.7765  0.7794  0.7765
124  trn_acc: 0.9941  val_acc: 0.7324  tst_acc: 0.7765
0.9926  0.9956  1.0000
0.7676  0.7588  0.7588
0.7765  0.7912  0.7971
125  trn_acc: 0.9926  val_acc: 0.7676  tst_acc: 0.7765
1.0000  1.0000  1.0000
0.7765  0.7824  0.7735
0.8147  0.8147  0.8088
126  trn_acc: 1.0000  val_acc: 0.7765  tst_acc: 0.8147
0.9971  1.0000  1.0000
0.7618  0.7853  0.7706
0.7941  0.8088  0.7882
127  trn_acc: 0.9971  val_acc: 0.7618  tst_acc: 0.7941
0.9956  0.9956  1.0000
0.7441  0.7588  0.7706
0.7971  0.8206  0.8059
128  trn_acc: 0.9956  val_acc: 0.7441  tst_acc: 0.7971
0.9956  0.9897  0.9956
0.7500  0.7441  0.7353
0.8029  0.7765  0.7765
129  trn_acc: 0.9956  val_acc: 0.7500  tst_acc: 0.8029
1.0000  0.9985  1.0000
0.7235  0.7382  0.7471
0.7941  0.7941  0.8000
130  trn_acc: 1.0000  val_acc: 0.7235  tst_acc: 0.7941
1.0000  1.0000  1.0000
0.7588  0.7647  0.7706
0.8088  0.8147  0.8000
131  trn_acc: 1.0000  val_acc: 0.7588  tst_acc: 0.8088
0.9912  0.9765  0.9985
0.7088  0.6882  0.7235
0.7588  0.7441  0.7941
132  trn_acc: 0.9912  val_acc: 0.7088  tst_acc: 0.7588
0.9735  0.9735  0.9838
0.7324  0.7029  0.7118
0.7735  0.7559  0.7765
133  trn_acc: 0.9735  val_acc: 0.7324  tst_acc: 0.7735
0.9985  0.9971  1.0000
0.7471  0.7471  0.7353
0.8000  0.7941  0.7853
134  trn_acc: 0.9985  val_acc: 0.7471  tst_acc: 0.8000
1.0000  1.0000  1.0000
0.7588  0.7765  0.7853
0.7765  0.8088  0.7941
135  trn_acc: 1.0000  val_acc: 0.7588  tst_acc: 0.7765
0.9853  0.9853  1.0000
0.7471  0.7353  0.7294
0.7706  0.7794  0.7912
136  trn_acc: 0.9853  val_acc: 0.7471  tst_acc: 0.7706
1.0000  0.9985  1.0000
0.7500  0.7618  0.7853
0.7971  0.7765  0.8029
137  trn_acc: 1.0000  val_acc: 0.7500  tst_acc: 0.7971
1.0000  1.0000  0.9985
0.7971  0.7559  0.7912
0.7941  0.7824  0.8118
138  trn_acc: 1.0000  val_acc: 0.7971  tst_acc: 0.7941
1.0000  1.0000  1.0000
0.7912  0.8029  0.7882
0.7941  0.8088  0.8176
139  trn_acc: 1.0000  val_acc: 0.7912  tst_acc: 0.7941
0.9941  0.9956  0.9985
0.7353  0.7471  0.7500
0.7853  0.7824  0.7824
140  trn_acc: 0.9941  val_acc: 0.7353  tst_acc: 0.7853
1.0000  1.0000  0.9985
0.7588  0.7676  0.7500
0.8000  0.8000  0.7941
141  trn_acc: 1.0000  val_acc: 0.7588  tst_acc: 0.8000
0.9750  0.9897  0.9926
0.7176  0.7471  0.7324
0.8029  0.7853  0.8088
142  trn_acc: 0.9750  val_acc: 0.7176  tst_acc: 0.8029
0.9956  1.0000  1.0000
0.7265  0.7529  0.7588
0.7912  0.7912  0.7882
143  trn_acc: 0.9956  val_acc: 0.7265  tst_acc: 0.7912
0.9956  0.9912  1.0000
0.6912  0.6941  0.7382
0.7529  0.7500  0.7559
144  trn_acc: 0.9956  val_acc: 0.6912  tst_acc: 0.7529
0.9897  0.9794  1.0000
0.7588  0.7412  0.7853
0.7794  0.7765  0.7971
145  trn_acc: 0.9897  val_acc: 0.7588  tst_acc: 0.7794
0.9956  0.9956  1.0000
0.7324  0.7441  0.7559
0.7676  0.7735  0.7765
146  trn_acc: 0.9956  val_acc: 0.7324  tst_acc: 0.7676
1.0000  0.9985  0.9985
0.7500  0.7471  0.7471
0.7853  0.8147  0.7971
147  trn_acc: 1.0000  val_acc: 0.7500  tst_acc: 0.7853
0.9985  1.0000  1.0000
0.7706  0.7706  0.7588
0.8029  0.8147  0.8000
148  trn_acc: 0.9985  val_acc: 0.7706  tst_acc: 0.8029
0.9779  0.9868  0.9941
0.7088  0.7176  0.7147
0.7676  0.7676  0.7559
149  trn_acc: 0.9779  val_acc: 0.7088  tst_acc: 0.7676
0.9941  0.9971  0.9985
0.7706  0.7588  0.7412
0.7941  0.7735  0.7853
150  trn_acc: 0.9941  val_acc: 0.7706  tst_acc: 0.7941
0.9912  0.9971  1.0000
0.7529  0.7794  0.7824
0.7794  0.7971  0.7912
151  trn_acc: 0.9912  val_acc: 0.7529  tst_acc: 0.7794
0.9912  0.9956  0.9971
0.7471  0.7324  0.7500
0.7706  0.7971  0.7941
152  trn_acc: 0.9912  val_acc: 0.7471  tst_acc: 0.7706
0.9971  0.9985  1.0000
0.7147  0.7382  0.7412
0.7647  0.8029  0.8059
153  trn_acc: 0.9971  val_acc: 0.7147  tst_acc: 0.7647
0.9926  1.0000  1.0000
0.7294  0.7441  0.7353
0.7647  0.8059  0.8059
154  trn_acc: 0.9926  val_acc: 0.7294  tst_acc: 0.7647
1.0000  1.0000  1.0000
0.7794  0.7618  0.7647
0.7971  0.8029  0.8176
155  trn_acc: 1.0000  val_acc: 0.7794  tst_acc: 0.7971
0.9971  0.9985  1.0000
0.7471  0.7353  0.7794
0.7882  0.8000  0.7971
156  trn_acc: 0.9971  val_acc: 0.7471  tst_acc: 0.7882
0.9941  0.9985  1.0000
0.7794  0.7706  0.7588
0.7618  0.7676  0.8118
157  trn_acc: 0.9941  val_acc: 0.7794  tst_acc: 0.7618
0.9926  0.9941  1.0000
0.7529  0.7618  0.7618
0.7735  0.7912  0.8147
158  trn_acc: 0.9926  val_acc: 0.7529  tst_acc: 0.7735
0.9779  0.9926  0.9941
0.7382  0.7353  0.7647
0.7412  0.7647  0.7706
159  trn_acc: 0.9779  val_acc: 0.7382  tst_acc: 0.7412
0.9971  0.9971  1.0000
0.7265  0.7441  0.7824
0.7588  0.7941  0.8029
160  trn_acc: 0.9971  val_acc: 0.7265  tst_acc: 0.7588
0.9941  0.9971  0.9985
0.7588  0.7529  0.7500
0.7735  0.7765  0.7912
161  trn_acc: 0.9941  val_acc: 0.7588  tst_acc: 0.7735
0.9559  0.9485  0.9897
0.7176  0.6618  0.7176
0.7353  0.7118  0.7588
162  trn_acc: 0.9559  val_acc: 0.7176  tst_acc: 0.7353
0.9985  0.9956  1.0000
0.7765  0.7441  0.7735
0.8059  0.7912  0.7971
163  trn_acc: 0.9985  val_acc: 0.7765  tst_acc: 0.8059
0.9882  0.9971  0.9985
0.7382  0.7382  0.7676
0.7618  0.7882  0.7824
164  trn_acc: 0.9882  val_acc: 0.7382  tst_acc: 0.7618
0.9985  0.9956  1.0000
0.7735  0.7529  0.7735
0.8000  0.7971  0.8000
165  trn_acc: 0.9985  val_acc: 0.7735  tst_acc: 0.8000
0.9956  0.9985  1.0000
0.7412  0.7559  0.7853
0.7794  0.7794  0.7941
166  trn_acc: 0.9956  val_acc: 0.7412  tst_acc: 0.7794
0.9897  1.0000  1.0000
0.7706  0.7824  0.7794
0.7765  0.7882  0.7971
167  trn_acc: 0.9897  val_acc: 0.7706  tst_acc: 0.7765
0.9926  0.9956  1.0000
0.7088  0.7412  0.7529
0.7676  0.8029  0.8088
168  trn_acc: 0.9926  val_acc: 0.7088  tst_acc: 0.7676
0.9926  0.9985  1.0000
0.7676  0.7676  0.7853
0.7941  0.8206  0.8059
169  trn_acc: 0.9926  val_acc: 0.7676  tst_acc: 0.7941
0.9912  1.0000  0.9985
0.7294  0.7559  0.7647
0.7853  0.8029  0.7971
170  trn_acc: 0.9912  val_acc: 0.7294  tst_acc: 0.7853
0.9941  1.0000  1.0000
0.7706  0.7529  0.7735
0.8029  0.8088  0.8088
171  trn_acc: 0.9941  val_acc: 0.7706  tst_acc: 0.8029
1.0000  1.0000  1.0000
0.7588  0.7588  0.7559
0.7971  0.8029  0.8029
172  trn_acc: 1.0000  val_acc: 0.7588  tst_acc: 0.7971
0.9985  0.9985  1.0000
0.7676  0.7853  0.7441
0.7941  0.7853  0.7765
173  trn_acc: 0.9985  val_acc: 0.7676  tst_acc: 0.7941
0.9985  1.0000  1.0000
0.7765  0.7794  0.7882
0.7971  0.7882  0.7912
174  trn_acc: 0.9985  val_acc: 0.7765  tst_acc: 0.7971
0.9971  0.9956  1.0000
0.7647  0.7706  0.7618
0.8088  0.7706  0.8000
175  trn_acc: 0.9971  val_acc: 0.7647  tst_acc: 0.8088
0.9853  0.9824  0.9971
0.7206  0.6882  0.7147
0.7529  0.7559  0.7765
176  trn_acc: 0.9853  val_acc: 0.7206  tst_acc: 0.7529
1.0000  1.0000  1.0000
0.7735  0.7882  0.7676
0.7971  0.8265  0.8118
177  trn_acc: 1.0000  val_acc: 0.7735  tst_acc: 0.7971
1.0000  0.9971  1.0000
0.7618  0.7794  0.7706
0.8029  0.8029  0.8088
178  trn_acc: 1.0000  val_acc: 0.7618  tst_acc: 0.8029
1.0000  0.9971  1.0000
0.7294  0.7382  0.7529
0.8088  0.8176  0.8353
179  trn_acc: 1.0000  val_acc: 0.7294  tst_acc: 0.8088
0.9985  0.9985  1.0000
0.7676  0.7647  0.7853
0.7882  0.7735  0.7912
180  trn_acc: 0.9985  val_acc: 0.7676  tst_acc: 0.7882
104 0.8206 0.8059 0.9985 1.0000




getGoogleNet_v1_2like_bn

Doing: 2
(?, 111, 111, 64)
(?, 56, 56, 64)
(?, 56, 56, 192)
(?, 28, 28, 192)
(?, 28, 28, 256)
(?, 28, 28, 480)
(?, 14, 14, 480)
(?, 14, 14, 512)
(?, 17)
(?, 14, 14, 512)
(?, 14, 14, 512)
(?, 14, 14, 528)
(?, 17)
(?, 14, 14, 832)
(?, 7, 7, 832)
(?, 7, 7, 832)
(?, 7, 7, 1024)
(?, 1, 1, 1024)
(?, 1000)
(?, 17)
0.0588  0.0662  0.1544
0.0588  0.0735  0.1471
0.0588  0.0706  0.1618
1  trn_acc: 0.0588  val_acc: 0.0588  tst_acc: 0.0588
0.1206  0.1632  0.2059
0.1206  0.1412  0.1765
0.1176  0.1676  0.1706
2  trn_acc: 0.1206  val_acc: 0.1206  tst_acc: 0.1176
0.2206  0.2471  0.2662
0.2088  0.2206  0.2118
0.1824  0.1824  0.2265
3  trn_acc: 0.2206  val_acc: 0.2088  tst_acc: 0.1824
0.3044  0.3309  0.4632
0.3088  0.3206  0.4059
0.2941  0.2912  0.3647
4  trn_acc: 0.3044  val_acc: 0.3088  tst_acc: 0.2941
0.3397  0.3618  0.3250
0.3176  0.3176  0.2824
0.2735  0.2735  0.2353
5  trn_acc: 0.3397  val_acc: 0.3176  tst_acc: 0.2735
0.4868  0.6132  0.7147
0.4471  0.5382  0.5794
0.3853  0.4824  0.5294
6  trn_acc: 0.4868  val_acc: 0.4471  tst_acc: 0.3853
0.2985  0.3882  0.4294
0.2735  0.3588  0.4118
0.2500  0.3176  0.3529
7  trn_acc: 0.2985  val_acc: 0.2735  tst_acc: 0.2500
0.6441  0.6971  0.8029
0.5529  0.5853  0.6353
0.5382  0.5529  0.6029
8  trn_acc: 0.6441  val_acc: 0.5529  tst_acc: 0.5382
0.6676  0.7588  0.8103
0.5941  0.6412  0.6529
0.5971  0.6265  0.6206
9  trn_acc: 0.6676  val_acc: 0.5941  tst_acc: 0.5971
0.6750  0.7000  0.7515
0.5559  0.5412  0.5853
0.5676  0.5735  0.5794
10  trn_acc: 0.6750  val_acc: 0.5559  tst_acc: 0.5676
0.7191  0.7721  0.8279
0.6235  0.6294  0.6647
0.5676  0.5971  0.6088
11  trn_acc: 0.7191  val_acc: 0.6235  tst_acc: 0.5676
0.6750  0.7074  0.7279
0.5824  0.5529  0.5765
0.5206  0.5118  0.5206
12  trn_acc: 0.6750  val_acc: 0.5824  tst_acc: 0.5206
0.6794  0.7338  0.8221
0.5706  0.5500  0.5941
0.5735  0.5618  0.5882
13  trn_acc: 0.6794  val_acc: 0.5706  tst_acc: 0.5735
0.8221  0.8397  0.9103
0.6765  0.6324  0.6824
0.6824  0.6853  0.6559
14  trn_acc: 0.8221  val_acc: 0.6765  tst_acc: 0.6824
0.6941  0.7706  0.8044
0.5912  0.5971  0.5853
0.5529  0.5882  0.5676
15  trn_acc: 0.6941  val_acc: 0.5912  tst_acc: 0.5529
0.6676  0.7044  0.7603
0.5059  0.5265  0.5265
0.5206  0.5265  0.5412
16  trn_acc: 0.6676  val_acc: 0.5059  tst_acc: 0.5206
0.8044  0.8735  0.9088
0.6206  0.6441  0.6853
0.6265  0.6647  0.6971
17  trn_acc: 0.8044  val_acc: 0.6206  tst_acc: 0.6265
0.7882  0.8044  0.8456
0.6382  0.6029  0.6088
0.6265  0.6029  0.5912
18  trn_acc: 0.7882  val_acc: 0.6382  tst_acc: 0.6265
0.7279  0.8368  0.8838
0.5882  0.6353  0.6735
0.5559  0.6206  0.6382
19  trn_acc: 0.7279  val_acc: 0.5882  tst_acc: 0.5559
0.7971  0.8426  0.9103
0.5735  0.6324  0.6500
0.6324  0.6471  0.6324
20  trn_acc: 0.7971  val_acc: 0.5735  tst_acc: 0.6324
0.8221  0.9074  0.9309
0.6294  0.6265  0.6559
0.6824  0.7118  0.6971
21  trn_acc: 0.8221  val_acc: 0.6294  tst_acc: 0.6824
0.8235  0.8294  0.8809
0.6559  0.6000  0.6353
0.6529  0.6206  0.6294
22  trn_acc: 0.8235  val_acc: 0.6559  tst_acc: 0.6529
0.8853  0.9250  0.9618
0.6588  0.6794  0.6765
0.6441  0.6853  0.6941
23  trn_acc: 0.8853  val_acc: 0.6588  tst_acc: 0.6441
0.9309  0.9632  0.9706
0.7206  0.7206  0.7029
0.7265  0.7471  0.7324
24  trn_acc: 0.9309  val_acc: 0.7206  tst_acc: 0.7265
0.9471  0.9838  0.9838
0.7088  0.6912  0.7059
0.7529  0.7147  0.7118
25  trn_acc: 0.9471  val_acc: 0.7088  tst_acc: 0.7529
0.9632  0.9632  0.9809
0.7265  0.7088  0.6941
0.7471  0.7265  0.7059
26  trn_acc: 0.9632  val_acc: 0.7265  tst_acc: 0.7471
0.8853  0.8794  0.9191
0.6794  0.6706  0.6912
0.6588  0.6441  0.6735
27  trn_acc: 0.8853  val_acc: 0.6794  tst_acc: 0.6588
0.9074  0.9441  0.9794
0.6588  0.6853  0.7000
0.6824  0.6706  0.7029
28  trn_acc: 0.9074  val_acc: 0.6588  tst_acc: 0.6824
0.9000  0.9059  0.9485
0.6912  0.6706  0.7118
0.7353  0.7029  0.7176
29  trn_acc: 0.9000  val_acc: 0.6912  tst_acc: 0.7353
0.8412  0.8647  0.9191
0.6441  0.6500  0.6559
0.6529  0.6706  0.6500
30  trn_acc: 0.8412  val_acc: 0.6441  tst_acc: 0.6529
0.9588  0.9735  0.9926
0.7088  0.7235  0.7235
0.7382  0.7382  0.7176
31  trn_acc: 0.9588  val_acc: 0.7088  tst_acc: 0.7382
0.9662  0.9735  0.9882
0.6941  0.7176  0.7176
0.6971  0.7029  0.7294
32  trn_acc: 0.9662  val_acc: 0.6941  tst_acc: 0.6971
0.9603  0.9735  0.9882
0.7088  0.7118  0.7118
0.7176  0.7382  0.7412
33  trn_acc: 0.9603  val_acc: 0.7088  tst_acc: 0.7176
0.9868  0.9882  0.9971
0.7353  0.7353  0.7206
0.7441  0.7206  0.7353
34  trn_acc: 0.9868  val_acc: 0.7353  tst_acc: 0.7441
0.9544  0.9603  0.9412
0.6765  0.6912  0.6500
0.6824  0.6706  0.6294
35  trn_acc: 0.9544  val_acc: 0.6765  tst_acc: 0.6824
0.8088  0.9103  0.9368
0.6088  0.6912  0.6647
0.5971  0.6147  0.6353
36  trn_acc: 0.8088  val_acc: 0.6088  tst_acc: 0.5971
0.9250  0.9441  0.9632
0.6382  0.6824  0.7206
0.7147  0.6971  0.7235
37  trn_acc: 0.9250  val_acc: 0.6382  tst_acc: 0.7147
0.9838  0.9956  0.9882
0.7500  0.7618  0.7382
0.7647  0.7618  0.7324
38  trn_acc: 0.9838  val_acc: 0.7500  tst_acc: 0.7647
0.9912  0.9971  0.9956
0.7176  0.7324  0.7235
0.7294  0.7353  0.7265
39  trn_acc: 0.9912  val_acc: 0.7176  tst_acc: 0.7294
0.9632  0.9941  0.9941
0.7294  0.7676  0.7265
0.7382  0.7471  0.7206
40  trn_acc: 0.9632  val_acc: 0.7294  tst_acc: 0.7382
0.7912  0.8926  0.9706
0.5618  0.6294  0.6853
0.5765  0.6176  0.6765
41  trn_acc: 0.7912  val_acc: 0.5618  tst_acc: 0.5765
0.9809  1.0000  0.9985
0.7294  0.7471  0.7441
0.7676  0.7382  0.7588
42  trn_acc: 0.9809  val_acc: 0.7294  tst_acc: 0.7676
0.9515  0.9412  0.9897
0.7206  0.6912  0.7206
0.7235  0.7088  0.7412
43  trn_acc: 0.9515  val_acc: 0.7206  tst_acc: 0.7235
0.9956  0.9971  1.0000
0.7441  0.7412  0.7324
0.7176  0.7000  0.7324
44  trn_acc: 0.9956  val_acc: 0.7441  tst_acc: 0.7176
0.9765  0.9706  0.9794
0.7206  0.6912  0.7000
0.7118  0.6735  0.7176
45  trn_acc: 0.9765  val_acc: 0.7206  tst_acc: 0.7118
0.8544  0.9235  0.9529
0.6441  0.6500  0.6824
0.6324  0.6412  0.6794
46  trn_acc: 0.8544  val_acc: 0.6441  tst_acc: 0.6324
0.9000  0.9382  0.9824
0.6176  0.6735  0.7118
0.6529  0.6853  0.7441
47  trn_acc: 0.9000  val_acc: 0.6176  tst_acc: 0.6529
0.9956  0.9941  1.0000
0.7529  0.7265  0.7559
0.7676  0.7235  0.7441
48  trn_acc: 0.9956  val_acc: 0.7529  tst_acc: 0.7676
0.9882  0.9926  0.9926
0.7618  0.7382  0.7176
0.7529  0.7235  0.7412
49  trn_acc: 0.9882  val_acc: 0.7618  tst_acc: 0.7529
0.9676  0.9882  0.9824
0.7118  0.7206  0.7147
0.7088  0.7176  0.7088
50  trn_acc: 0.9676  val_acc: 0.7118  tst_acc: 0.7088
0.9691  0.9809  0.9897
0.7029  0.6971  0.7147
0.7412  0.7088  0.7000
51  trn_acc: 0.9691  val_acc: 0.7029  tst_acc: 0.7412
0.9662  0.9691  0.9912
0.6971  0.7000  0.7176
0.7059  0.7059  0.6971
52  trn_acc: 0.9662  val_acc: 0.6971  tst_acc: 0.7059
0.9647  0.9794  0.9824
0.6765  0.7029  0.6853
0.7059  0.7176  0.7059
53  trn_acc: 0.9647  val_acc: 0.6765  tst_acc: 0.7059
0.8691  0.9559  0.9735
0.6529  0.6676  0.6676
0.6294  0.6500  0.6765
54  trn_acc: 0.8691  val_acc: 0.6529  tst_acc: 0.6294
0.9221  0.9309  0.9809
0.6676  0.7029  0.7206
0.6618  0.6824  0.7118
55  trn_acc: 0.9221  val_acc: 0.6676  tst_acc: 0.6618
0.9221  0.9721  0.9941
0.6706  0.7265  0.7059
0.6971  0.7235  0.7471
56  trn_acc: 0.9221  val_acc: 0.6706  tst_acc: 0.6971
0.9853  0.9941  0.9985
0.7118  0.7412  0.7294
0.7059  0.7353  0.7324
57  trn_acc: 0.9853  val_acc: 0.7118  tst_acc: 0.7059
0.9515  0.9735  0.9868
0.7029  0.7500  0.7294
0.6588  0.6676  0.7265
58  trn_acc: 0.9515  val_acc: 0.7029  tst_acc: 0.6588
0.9838  0.9882  0.9985
0.7647  0.7353  0.7176
0.7265  0.7206  0.7265
59  trn_acc: 0.9838  val_acc: 0.7647  tst_acc: 0.7265
0.9809  0.9765  0.9941
0.6765  0.7059  0.7147
0.7147  0.7118  0.7000
60  trn_acc: 0.9809  val_acc: 0.6765  tst_acc: 0.7147
0.9912  0.9838  0.9971
0.7471  0.7294  0.7206
0.7765  0.7324  0.7471
61  trn_acc: 0.9912  val_acc: 0.7471  tst_acc: 0.7765
0.9912  0.9971  1.0000
0.7618  0.7382  0.7529
0.7471  0.7500  0.7529
62  trn_acc: 0.9912  val_acc: 0.7618  tst_acc: 0.7471
0.9809  0.9941  0.9897
0.7088  0.7294  0.7000
0.7206  0.7118  0.7235
63  trn_acc: 0.9809  val_acc: 0.7088  tst_acc: 0.7206
0.8794  0.8897  0.9132
0.6500  0.6324  0.6441
0.6324  0.6235  0.6588
64  trn_acc: 0.8794  val_acc: 0.6500  tst_acc: 0.6324
0.9353  0.9706  0.9941
0.7000  0.7147  0.7206
0.6706  0.7324  0.7353
65  trn_acc: 0.9353  val_acc: 0.7000  tst_acc: 0.6706
0.9618  0.9779  0.9971
0.7176  0.7029  0.7235
0.7176  0.7059  0.7206
66  trn_acc: 0.9618  val_acc: 0.7176  tst_acc: 0.7176
0.9662  0.9853  0.9912
0.7088  0.7471  0.7147
0.7647  0.7559  0.7206
67  trn_acc: 0.9662  val_acc: 0.7088  tst_acc: 0.7647
0.9765  0.9853  0.9912
0.7176  0.7382  0.7147
0.7206  0.7147  0.7235
68  trn_acc: 0.9765  val_acc: 0.7176  tst_acc: 0.7206
0.8691  0.8912  0.9544
0.5941  0.6559  0.6529
0.6147  0.6294  0.6500
69  trn_acc: 0.8691  val_acc: 0.5941  tst_acc: 0.6147
0.9471  0.9735  0.9706
0.7000  0.7353  0.6882
0.6941  0.7000  0.6794
70  trn_acc: 0.9471  val_acc: 0.7000  tst_acc: 0.6941
0.9574  0.9765  0.9912
0.7088  0.7000  0.7353
0.6912  0.7294  0.7176
71  trn_acc: 0.9574  val_acc: 0.7088  tst_acc: 0.6912
0.9926  0.9985  1.0000
0.7471  0.7324  0.7265
0.7471  0.7382  0.7529
72  trn_acc: 0.9926  val_acc: 0.7471  tst_acc: 0.7471
0.9824  0.9868  0.9971
0.7147  0.7353  0.7324
0.7324  0.7000  0.7382
73  trn_acc: 0.9824  val_acc: 0.7147  tst_acc: 0.7324
0.8735  0.9250  0.9912
0.6029  0.6294  0.6882
0.6206  0.6294  0.7118
74  trn_acc: 0.8735  val_acc: 0.6029  tst_acc: 0.6206
0.9632  0.9868  0.9956
0.6735  0.7000  0.7265
0.7176  0.7294  0.7618
75  trn_acc: 0.9632  val_acc: 0.6735  tst_acc: 0.7176
0.9824  0.9868  0.9971
0.7324  0.7176  0.7441
0.7882  0.7353  0.7647
76  trn_acc: 0.9824  val_acc: 0.7324  tst_acc: 0.7882
0.9971  1.0000  0.9985
0.7294  0.7235  0.7265
0.7500  0.7353  0.7441
77  trn_acc: 0.9971  val_acc: 0.7294  tst_acc: 0.7500
0.9882  0.9897  0.9926
0.7059  0.7147  0.7059
0.7353  0.7353  0.7206
78  trn_acc: 0.9882  val_acc: 0.7059  tst_acc: 0.7353
0.9956  0.9956  0.9985
0.7618  0.7559  0.7382
0.7588  0.7676  0.7588
79  trn_acc: 0.9956  val_acc: 0.7618  tst_acc: 0.7588
0.9971  0.9956  0.9985
0.7559  0.7382  0.7324
0.7235  0.7265  0.7265
80  trn_acc: 0.9971  val_acc: 0.7559  tst_acc: 0.7235
0.9853  0.9985  0.9985
0.7529  0.7324  0.7382
0.7882  0.7618  0.7647
81  trn_acc: 0.9853  val_acc: 0.7529  tst_acc: 0.7882
0.9912  0.9897  0.9956
0.7235  0.7147  0.7176
0.7029  0.7029  0.7206
82  trn_acc: 0.9912  val_acc: 0.7235  tst_acc: 0.7029
0.9941  0.9912  0.9985
0.7412  0.7000  0.7265
0.7235  0.7088  0.7441
83  trn_acc: 0.9941  val_acc: 0.7412  tst_acc: 0.7235
0.9735  0.9882  0.9985
0.6941  0.7235  0.7382
0.7118  0.7588  0.7647
84  trn_acc: 0.9735  val_acc: 0.6941  tst_acc: 0.7118
0.9838  0.9926  0.9912
0.7118  0.7353  0.6941
0.6882  0.6941  0.7176
85  trn_acc: 0.9838  val_acc: 0.7118  tst_acc: 0.6882
0.9735  0.9824  0.9926
0.7235  0.7029  0.7088
0.7118  0.6853  0.7382
86  trn_acc: 0.9735  val_acc: 0.7235  tst_acc: 0.7118
0.9824  0.9941  0.9971
0.6853  0.7441  0.7206
0.7441  0.7500  0.7647
87  trn_acc: 0.9824  val_acc: 0.6853  tst_acc: 0.7441
0.9868  1.0000  0.9985
0.7353  0.7706  0.7618
0.7676  0.7588  0.7912
88  trn_acc: 0.9868  val_acc: 0.7353  tst_acc: 0.7676
0.9971  0.9985  0.9971
0.7324  0.7382  0.7324
0.7735  0.7441  0.7588
89  trn_acc: 0.9971  val_acc: 0.7324  tst_acc: 0.7735
0.9912  0.9956  0.9985
0.7441  0.7353  0.7412
0.7971  0.7559  0.7735
90  trn_acc: 0.9912  val_acc: 0.7441  tst_acc: 0.7971
0.9368  0.9868  0.9882
0.6941  0.7559  0.7324
0.7000  0.7500  0.7382
91  trn_acc: 0.9368  val_acc: 0.6941  tst_acc: 0.7000
0.9882  0.9926  1.0000
0.7353  0.7676  0.7676
0.7471  0.7529  0.7647
92  trn_acc: 0.9882  val_acc: 0.7353  tst_acc: 0.7471
0.8985  0.9309  0.9397
0.6382  0.6353  0.6529
0.6794  0.6676  0.6676
93  trn_acc: 0.8985  val_acc: 0.6382  tst_acc: 0.6794
0.9897  0.9971  0.9926
0.7676  0.7824  0.7441
0.7824  0.7500  0.7441
94  trn_acc: 0.9897  val_acc: 0.7676  tst_acc: 0.7824
0.9647  0.9941  0.9985
0.7088  0.7118  0.7235
0.7529  0.7500  0.7588
95  trn_acc: 0.9647  val_acc: 0.7088  tst_acc: 0.7529
0.9971  0.9971  1.0000
0.7235  0.7412  0.7471
0.7500  0.7559  0.7471
96  trn_acc: 0.9971  val_acc: 0.7235  tst_acc: 0.7500
0.9662  0.9824  0.9956
0.7265  0.7206  0.7353
0.7118  0.7265  0.7500
97  trn_acc: 0.9662  val_acc: 0.7265  tst_acc: 0.7118
0.9853  0.9779  0.9956
0.6912  0.6441  0.7118
0.7118  0.6882  0.7382
98  trn_acc: 0.9853  val_acc: 0.6912  tst_acc: 0.7118
0.8985  0.9103  0.9853
0.6882  0.6853  0.7294
0.6647  0.6706  0.7029
99  trn_acc: 0.8985  val_acc: 0.6882  tst_acc: 0.6647
0.9779  0.9956  0.9985
0.7382  0.7471  0.7235
0.7471  0.7471  0.7588
100  trn_acc: 0.9779  val_acc: 0.7382  tst_acc: 0.7471
0.9324  0.9397  0.9912
0.6765  0.6912  0.7088
0.7000  0.7000  0.7382
101  trn_acc: 0.9324  val_acc: 0.6765  tst_acc: 0.7000
0.9485  0.9824  0.9971
0.6618  0.7294  0.7324
0.7294  0.7265  0.7529
102  trn_acc: 0.9485  val_acc: 0.6618  tst_acc: 0.7294
0.9985  1.0000  1.0000
0.7676  0.7794  0.7412
0.7882  0.7618  0.7676
103  trn_acc: 0.9985  val_acc: 0.7676  tst_acc: 0.7882
0.9574  0.9765  0.9882
0.6941  0.7059  0.7206
0.7088  0.7147  0.7235
104  trn_acc: 0.9574  val_acc: 0.6941  tst_acc: 0.7088
0.9809  0.9706  0.9868
0.7029  0.7000  0.7088
0.7147  0.6912  0.6971
105  trn_acc: 0.9809  val_acc: 0.7029  tst_acc: 0.7147
0.9956  1.0000  0.9971
0.7441  0.7618  0.7412
0.7441  0.7500  0.7706
106  trn_acc: 0.9956  val_acc: 0.7441  tst_acc: 0.7441
0.9912  1.0000  1.0000
0.7382  0.7500  0.7441
0.7500  0.7441  0.7500
107  trn_acc: 0.9912  val_acc: 0.7382  tst_acc: 0.7500
0.9838  0.9956  0.9985
0.7147  0.7441  0.7529
0.7500  0.7706  0.7382
108  trn_acc: 0.9838  val_acc: 0.7147  tst_acc: 0.7500
0.9897  0.9882  0.9926
0.7118  0.7412  0.7412
0.7412  0.7324  0.7441
109  trn_acc: 0.9897  val_acc: 0.7118  tst_acc: 0.7412
0.9721  0.9912  0.9985
0.7088  0.7294  0.7559
0.7412  0.7471  0.7529
110  trn_acc: 0.9721  val_acc: 0.7088  tst_acc: 0.7412
0.9941  0.9971  0.9985
0.7706  0.7647  0.7735
0.7676  0.7294  0.7441
111  trn_acc: 0.9941  val_acc: 0.7706  tst_acc: 0.7676
0.9912  0.9985  1.0000
0.7441  0.7529  0.7500
0.7500  0.7588  0.7412
112  trn_acc: 0.9912  val_acc: 0.7441  tst_acc: 0.7500
0.9912  0.9926  1.0000
0.7588  0.7324  0.7353
0.7235  0.7353  0.7382
113  trn_acc: 0.9912  val_acc: 0.7588  tst_acc: 0.7235
1.0000  0.9985  1.0000
0.7559  0.7647  0.7588
0.7765  0.7471  0.7500
114  trn_acc: 1.0000  val_acc: 0.7559  tst_acc: 0.7765
0.9882  0.9912  0.9897
0.7088  0.7235  0.7029
0.7118  0.6941  0.6735
115  trn_acc: 0.9882  val_acc: 0.7088  tst_acc: 0.7118
0.9956  0.9971  0.9941
0.7441  0.7471  0.7324
0.7559  0.7500  0.7147
116  trn_acc: 0.9956  val_acc: 0.7441  tst_acc: 0.7559
0.9721  0.9912  1.0000
0.7000  0.7471  0.7235
0.7147  0.7206  0.7412
117  trn_acc: 0.9721  val_acc: 0.7000  tst_acc: 0.7147
0.9971  0.9971  0.9971
0.7441  0.7647  0.7206
0.7412  0.7471  0.7088
118  trn_acc: 0.9971  val_acc: 0.7441  tst_acc: 0.7412
0.9897  0.9926  0.9985
0.7382  0.7206  0.7206
0.7588  0.7147  0.7265
119  trn_acc: 0.9897  val_acc: 0.7382  tst_acc: 0.7588
0.9971  0.9926  0.9926
0.7647  0.7265  0.7265
0.7412  0.7294  0.7118
120  trn_acc: 0.9971  val_acc: 0.7647  tst_acc: 0.7412
1.0000  1.0000  1.0000
0.7647  0.7382  0.7412
0.7647  0.7324  0.7235
121  trn_acc: 1.0000  val_acc: 0.7647  tst_acc: 0.7647
0.9529  0.9824  0.9853
0.7059  0.7441  0.7088
0.6882  0.6971  0.7029
122  trn_acc: 0.9529  val_acc: 0.7059  tst_acc: 0.6882
0.9662  0.9706  0.9853
0.6941  0.6912  0.7059
0.7059  0.6618  0.7353
123  trn_acc: 0.9662  val_acc: 0.6941  tst_acc: 0.7059
0.9926  0.9956  0.9985
0.7353  0.7529  0.7412
0.7412  0.7500  0.7588
124  trn_acc: 0.9926  val_acc: 0.7353  tst_acc: 0.7412
0.9971  0.9985  0.9985
0.7882  0.7559  0.7529
0.7794  0.7441  0.7353
125  trn_acc: 0.9971  val_acc: 0.7882  tst_acc: 0.7794
0.9956  0.9985  1.0000
0.7588  0.7765  0.7353
0.7824  0.7676  0.7765
126  trn_acc: 0.9956  val_acc: 0.7588  tst_acc: 0.7824
0.9926  1.0000  1.0000
0.7412  0.7235  0.7529
0.7559  0.7471  0.7529
127  trn_acc: 0.9926  val_acc: 0.7412  tst_acc: 0.7559
0.9897  0.9971  0.9985
0.7765  0.7353  0.7382
0.7500  0.7206  0.7235
128  trn_acc: 0.9897  val_acc: 0.7765  tst_acc: 0.7500
0.9985  0.9971  1.0000
0.7853  0.7618  0.7588
0.7971  0.7618  0.7353
129  trn_acc: 0.9985  val_acc: 0.7853  tst_acc: 0.7971
0.9971  0.9985  1.0000
0.7941  0.7618  0.7412
0.7912  0.7559  0.7441
130  trn_acc: 0.9971  val_acc: 0.7941  tst_acc: 0.7912
0.9897  0.9926  0.9882
0.7324  0.6971  0.7118
0.7235  0.7088  0.7000
131  trn_acc: 0.9897  val_acc: 0.7324  tst_acc: 0.7235
0.9971  0.9971  1.0000
0.7412  0.7412  0.7147
0.7735  0.7412  0.7118
132  trn_acc: 0.9971  val_acc: 0.7412  tst_acc: 0.7735
0.9794  0.9941  0.9941
0.7206  0.7176  0.7324
0.7353  0.7382  0.7324
133  trn_acc: 0.9794  val_acc: 0.7206  tst_acc: 0.7353
0.9824  0.9882  0.9912
0.7353  0.7382  0.7294
0.7618  0.7382  0.7471
134  trn_acc: 0.9824  val_acc: 0.7353  tst_acc: 0.7618
0.9971  0.9985  0.9985
0.7588  0.7618  0.7412
0.7588  0.7294  0.7294
135  trn_acc: 0.9971  val_acc: 0.7588  tst_acc: 0.7588
0.9882  0.9985  1.0000
0.7618  0.7618  0.7324
0.7529  0.7265  0.7471
136  trn_acc: 0.9882  val_acc: 0.7618  tst_acc: 0.7529
0.9971  1.0000  1.0000
0.7853  0.7765  0.7559
0.7824  0.7706  0.7853
137  trn_acc: 0.9971  val_acc: 0.7853  tst_acc: 0.7824
1.0000  1.0000  1.0000
0.7676  0.7441  0.7206
0.7794  0.7529  0.7618
138  trn_acc: 1.0000  val_acc: 0.7676  tst_acc: 0.7794
0.9912  0.9971  0.9985
0.7735  0.7294  0.7412
0.7294  0.7029  0.7294
139  trn_acc: 0.9912  val_acc: 0.7735  tst_acc: 0.7294
0.9868  0.9897  0.9971
0.7324  0.7118  0.7206
0.7265  0.7412  0.7618
140  trn_acc: 0.9868  val_acc: 0.7324  tst_acc: 0.7265
0.9912  0.9956  1.0000
0.7206  0.7382  0.7206
0.7294  0.7412  0.7676
141  trn_acc: 0.9912  val_acc: 0.7206  tst_acc: 0.7294
0.9735  0.9971  1.0000
0.7324  0.7206  0.7176
0.7324  0.7412  0.7588
142  trn_acc: 0.9735  val_acc: 0.7324  tst_acc: 0.7324
0.9882  0.9956  1.0000
0.7676  0.7618  0.7471
0.7176  0.7294  0.7206
143  trn_acc: 0.9882  val_acc: 0.7676  tst_acc: 0.7176
0.9926  0.9926  1.0000
0.7412  0.7176  0.7206
0.7588  0.7294  0.7176
144  trn_acc: 0.9926  val_acc: 0.7412  tst_acc: 0.7588
1.0000  0.9985  1.0000
0.7824  0.7676  0.7706
0.7912  0.7588  0.7971
145  trn_acc: 1.0000  val_acc: 0.7824  tst_acc: 0.7912
0.9794  0.9912  0.9985
0.7294  0.7206  0.7265
0.7235  0.7294  0.7471
146  trn_acc: 0.9794  val_acc: 0.7294  tst_acc: 0.7235
0.9912  1.0000  1.0000
0.7176  0.7529  0.7529
0.7235  0.7412  0.7588
147  trn_acc: 0.9912  val_acc: 0.7176  tst_acc: 0.7235
1.0000  1.0000  1.0000
0.7706  0.7853  0.7735
0.7706  0.7618  0.7912
148  trn_acc: 1.0000  val_acc: 0.7706  tst_acc: 0.7706
0.9838  0.9868  0.9941
0.7441  0.7500  0.6971
0.7559  0.7441  0.7441
149  trn_acc: 0.9838  val_acc: 0.7441  tst_acc: 0.7559
0.9912  0.9971  1.0000
0.7235  0.7412  0.7618
0.7471  0.7471  0.7676
150  trn_acc: 0.9912  val_acc: 0.7235  tst_acc: 0.7471
0.9912  0.9956  1.0000
0.7294  0.7676  0.7618
0.7676  0.7765  0.7853
151  trn_acc: 0.9912  val_acc: 0.7294  tst_acc: 0.7676
0.9500  0.9779  0.9853
0.6941  0.7088  0.7088
0.6735  0.7088  0.7176
152  trn_acc: 0.9500  val_acc: 0.6941  tst_acc: 0.6735
0.9971  1.0000  1.0000
0.7794  0.7912  0.7824
0.7853  0.7676  0.7765
153  trn_acc: 0.9971  val_acc: 0.7794  tst_acc: 0.7853
0.9926  0.9956  0.9956
0.7529  0.7441  0.7235
0.7471  0.7706  0.7500
154  trn_acc: 0.9926  val_acc: 0.7529  tst_acc: 0.7471
0.9647  0.9912  0.9985
0.7235  0.7441  0.7353
0.7235  0.7559  0.7559
155  trn_acc: 0.9647  val_acc: 0.7235  tst_acc: 0.7235
0.9926  0.9971  0.9985
0.7618  0.7559  0.7353
0.7794  0.7559  0.7676
156  trn_acc: 0.9926  val_acc: 0.7618  tst_acc: 0.7794
0.9647  0.9353  0.9868
0.6971  0.6500  0.6588
0.7294  0.6706  0.6882
157  trn_acc: 0.9647  val_acc: 0.6971  tst_acc: 0.7294
0.9853  0.9971  1.0000
0.7559  0.7382  0.7559
0.7206  0.7029  0.7441
158  trn_acc: 0.9853  val_acc: 0.7559  tst_acc: 0.7206
0.9912  0.9838  1.0000
0.7647  0.7176  0.7235
0.7765  0.7206  0.7559
159  trn_acc: 0.9912  val_acc: 0.7647  tst_acc: 0.7765
0.9971  0.9985  1.0000
0.7618  0.7500  0.7294
0.7676  0.7441  0.7471
160  trn_acc: 0.9971  val_acc: 0.7618  tst_acc: 0.7676
0.9941  0.9882  0.9941
0.7294  0.7235  0.7382
0.7500  0.7353  0.7412
161  trn_acc: 0.9941  val_acc: 0.7294  tst_acc: 0.7500
1.0000  0.9926  0.9985
0.7676  0.7412  0.7324
0.7353  0.7500  0.7559
162  trn_acc: 1.0000  val_acc: 0.7676  tst_acc: 0.7353
0.9985  0.9985  1.0000
0.7941  0.7824  0.7471
0.7824  0.7765  0.7735
163  trn_acc: 0.9985  val_acc: 0.7941  tst_acc: 0.7824
0.9985  1.0000  1.0000
0.7412  0.7706  0.7647
0.7324  0.7294  0.7676
164  trn_acc: 0.9985  val_acc: 0.7412  tst_acc: 0.7324
0.9926  0.9941  0.9985
0.7441  0.7206  0.7324
0.7735  0.7147  0.7382
165  trn_acc: 0.9926  val_acc: 0.7441  tst_acc: 0.7735
0.9985  0.9985  0.9985
0.7706  0.7676  0.7412
0.7853  0.7471  0.7412
166  trn_acc: 0.9985  val_acc: 0.7706  tst_acc: 0.7853
0.9882  0.9941  1.0000
0.7559  0.7294  0.7529
0.7206  0.6912  0.7500
167  trn_acc: 0.9882  val_acc: 0.7559  tst_acc: 0.7206
0.9926  1.0000  1.0000
0.7324  0.7265  0.7529
0.7353  0.7441  0.7706
168  trn_acc: 0.9926  val_acc: 0.7324  tst_acc: 0.7353
0.9985  0.9985  1.0000
0.7647  0.7235  0.7500
0.7353  0.6971  0.7412
169  trn_acc: 0.9985  val_acc: 0.7647  tst_acc: 0.7353
0.9956  0.9971  1.0000
0.7147  0.7412  0.7441
0.7559  0.7294  0.7471
170  trn_acc: 0.9956  val_acc: 0.7147  tst_acc: 0.7559
0.9868  0.9868  0.9985
0.7147  0.7118  0.7176
0.6912  0.6882  0.7000
171  trn_acc: 0.9868  val_acc: 0.7147  tst_acc: 0.6912
0.9912  1.0000  1.0000
0.7382  0.7676  0.7382
0.7559  0.7176  0.7441
172  trn_acc: 0.9912  val_acc: 0.7382  tst_acc: 0.7559
0.9912  0.9926  0.9985
0.7412  0.7412  0.7353
0.7588  0.7500  0.7735
173  trn_acc: 0.9912  val_acc: 0.7412  tst_acc: 0.7588
1.0000  1.0000  1.0000
0.7500  0.7235  0.7529
0.7765  0.7500  0.7706
174  trn_acc: 1.0000  val_acc: 0.7500  tst_acc: 0.7765
0.9926  0.9897  0.9971
0.6941  0.6971  0.7235
0.6882  0.6471  0.7088
175  trn_acc: 0.9926  val_acc: 0.6941  tst_acc: 0.6882
0.9838  0.9838  0.9971
0.6971  0.6912  0.7059
0.6971  0.6824  0.7353
176  trn_acc: 0.9838  val_acc: 0.6971  tst_acc: 0.6971
1.0000  1.0000  0.9985
0.7676  0.7412  0.7471
0.8059  0.7765  0.7971
177  trn_acc: 1.0000  val_acc: 0.7676  tst_acc: 0.8059
0.9838  0.9868  0.9926
0.7382  0.7206  0.7118
0.7176  0.6882  0.6941
178  trn_acc: 0.9838  val_acc: 0.7382  tst_acc: 0.7176
0.9868  0.9971  0.9912
0.7588  0.7353  0.6971
0.7618  0.6882  0.7382
179  trn_acc: 0.9868  val_acc: 0.7588  tst_acc: 0.7618
0.9956  0.9956  1.0000
0.7324  0.7382  0.7265
0.7618  0.7353  0.7588
180  trn_acc: 0.9956  val_acc: 0.7324  tst_acc: 0.7618
130 0.7912 0.7941 0.9971 1.0000





getGoogleNet_v1_2like_bn

Doing: 3
(?, 111, 111, 64)
(?, 56, 56, 64)
(?, 56, 56, 192)
(?, 28, 28, 192)
(?, 28, 28, 256)
(?, 28, 28, 480)
(?, 14, 14, 480)
(?, 14, 14, 512)
(?, 17)
(?, 14, 14, 512)
(?, 14, 14, 512)
(?, 14, 14, 528)
(?, 17)
(?, 14, 14, 832)
(?, 7, 7, 832)
(?, 7, 7, 832)
(?, 7, 7, 1024)
(?, 1, 1, 1024)
(?, 1000)
(?, 17)
0.0588  0.0588  0.0588
0.0588  0.0588  0.0618
0.0588  0.0588  0.0588
1  trn_acc: 0.0588  val_acc: 0.0588  tst_acc: 0.0588
0.0735  0.1779  0.1309
0.0706  0.2088  0.1118
0.0794  0.1588  0.0971
2  trn_acc: 0.0735  val_acc: 0.0706  tst_acc: 0.0794
0.1632  0.2029  0.2912
0.1853  0.2441  0.3029
0.1882  0.2059  0.2529
3  trn_acc: 0.1632  val_acc: 0.1853  tst_acc: 0.1882
0.3191  0.4162  0.3735
0.3029  0.3824  0.3618
0.2676  0.3676  0.3324
4  trn_acc: 0.3191  val_acc: 0.3029  tst_acc: 0.2676
0.3765  0.4456  0.5588
0.3500  0.3941  0.4765
0.3412  0.4059  0.4529
5  trn_acc: 0.3765  val_acc: 0.3500  tst_acc: 0.3412
0.3397  0.3676  0.5206
0.3647  0.3529  0.4882
0.3588  0.3706  0.4706
6  trn_acc: 0.3397  val_acc: 0.3647  tst_acc: 0.3588
0.4926  0.6000  0.6441
0.4176  0.5235  0.5706
0.4618  0.5176  0.5235
7  trn_acc: 0.4926  val_acc: 0.4176  tst_acc: 0.4618
0.4735  0.5485  0.6559
0.4618  0.5147  0.5382
0.4206  0.5118  0.5206
8  trn_acc: 0.4735  val_acc: 0.4618  tst_acc: 0.4206
0.5956  0.6309  0.7235
0.5324  0.5294  0.5676
0.5324  0.5529  0.5941
9  trn_acc: 0.5956  val_acc: 0.5324  tst_acc: 0.5324
0.4765  0.4868  0.5500
0.4206  0.4412  0.4794
0.4059  0.4441  0.4824
10  trn_acc: 0.4765  val_acc: 0.4206  tst_acc: 0.4059
0.6500  0.7118  0.7735
0.5882  0.6412  0.6088
0.6000  0.6382  0.6500
11  trn_acc: 0.6500  val_acc: 0.5882  tst_acc: 0.6000
0.6353  0.7279  0.8132
0.5941  0.6294  0.6353
0.5647  0.6118  0.6471
12  trn_acc: 0.6353  val_acc: 0.5941  tst_acc: 0.5647
0.6412  0.7235  0.8191
0.5618  0.5765  0.6471
0.5824  0.6294  0.6618
13  trn_acc: 0.6412  val_acc: 0.5618  tst_acc: 0.5824
0.5456  0.6206  0.7088
0.4912  0.5176  0.5500
0.4824  0.5206  0.5559
14  trn_acc: 0.5456  val_acc: 0.4912  tst_acc: 0.4824
0.6691  0.6897  0.7765
0.6000  0.5618  0.6000
0.6265  0.5882  0.6353
15  trn_acc: 0.6691  val_acc: 0.6000  tst_acc: 0.6265
0.7765  0.8206  0.9147
0.6529  0.6471  0.7235
0.6412  0.6765  0.7206
16  trn_acc: 0.7765  val_acc: 0.6529  tst_acc: 0.6412
0.8118  0.8294  0.8809
0.6853  0.6912  0.6735
0.6941  0.7176  0.6941
17  trn_acc: 0.8118  val_acc: 0.6853  tst_acc: 0.6941
0.7926  0.8515  0.9338
0.6588  0.6882  0.7118
0.6941  0.7118  0.7382
18  trn_acc: 0.7926  val_acc: 0.6588  tst_acc: 0.6941
0.8162  0.9000  0.9515
0.6824  0.7353  0.7294
0.7000  0.7441  0.7588
19  trn_acc: 0.8162  val_acc: 0.6824  tst_acc: 0.7000
0.8632  0.9221  0.9368
0.6676  0.7059  0.6588
0.7206  0.7471  0.7676
20  trn_acc: 0.8632  val_acc: 0.6676  tst_acc: 0.7206
0.8176  0.9059  0.9441
0.6471  0.7000  0.6912
0.6794  0.7294  0.7265
21  trn_acc: 0.8176  val_acc: 0.6471  tst_acc: 0.6794
0.8456  0.8618  0.8956
0.7294  0.6794  0.6559
0.6882  0.6971  0.7088
22  trn_acc: 0.8456  val_acc: 0.7294  tst_acc: 0.6882
0.8735  0.8926  0.9206
0.7176  0.7235  0.7088
0.7324  0.7147  0.7382
23  trn_acc: 0.8735  val_acc: 0.7176  tst_acc: 0.7324
0.9176  0.9412  0.9338
0.7382  0.7059  0.6912
0.7147  0.7235  0.7412
24  trn_acc: 0.9176  val_acc: 0.7382  tst_acc: 0.7147
0.9382  0.9574  0.9750
0.7294  0.7265  0.7324
0.7706  0.7824  0.7676
25  trn_acc: 0.9382  val_acc: 0.7294  tst_acc: 0.7706
0.8044  0.9132  0.9544
0.6529  0.7000  0.6941
0.6765  0.7353  0.7471
26  trn_acc: 0.8044  val_acc: 0.6529  tst_acc: 0.6765
0.8824  0.9265  0.9456
0.7059  0.7559  0.7324
0.7029  0.7353  0.7353
27  trn_acc: 0.8824  val_acc: 0.7059  tst_acc: 0.7029
0.9353  0.9515  0.9676
0.7353  0.7118  0.7118
0.7500  0.7618  0.7529
28  trn_acc: 0.9353  val_acc: 0.7353  tst_acc: 0.7500
0.8926  0.9338  0.9647
0.6706  0.7088  0.7294
0.7059  0.7088  0.7294
29  trn_acc: 0.8926  val_acc: 0.6706  tst_acc: 0.7059
0.8397  0.9676  0.9838
0.6912  0.7382  0.7529
0.6706  0.7353  0.7618
30  trn_acc: 0.8397  val_acc: 0.6912  tst_acc: 0.6706
0.8824  0.9044  0.9250
0.7206  0.7029  0.6941
0.7059  0.6853  0.7088
31  trn_acc: 0.8824  val_acc: 0.7206  tst_acc: 0.7059
0.9044  0.9515  0.9735
0.6912  0.7471  0.7147
0.6971  0.7471  0.7588
32  trn_acc: 0.9044  val_acc: 0.6912  tst_acc: 0.6971
0.9706  0.9647  0.9735
0.7588  0.7441  0.7265
0.7706  0.7441  0.7647
33  trn_acc: 0.9706  val_acc: 0.7588  tst_acc: 0.7706
0.9559  0.9691  0.9809
0.7882  0.7647  0.7706
0.7618  0.7588  0.7676
34  trn_acc: 0.9559  val_acc: 0.7882  tst_acc: 0.7618
0.9603  0.9750  0.9765
0.7735  0.7647  0.7382
0.7529  0.7353  0.7794
35  trn_acc: 0.9603  val_acc: 0.7735  tst_acc: 0.7529
0.9926  0.9868  0.9956
0.7824  0.7735  0.7824
0.7765  0.7794  0.7941
36  trn_acc: 0.9926  val_acc: 0.7824  tst_acc: 0.7765
0.8103  0.9147  0.9706
0.6059  0.6912  0.7265
0.5971  0.6765  0.7294
37  trn_acc: 0.8103  val_acc: 0.6059  tst_acc: 0.5971
0.9809  0.9912  0.9985
0.7765  0.7618  0.7882
0.7735  0.7912  0.7824
38  trn_acc: 0.9809  val_acc: 0.7765  tst_acc: 0.7735
0.9676  0.9735  0.9838
0.7824  0.7735  0.7559
0.7971  0.7941  0.7471
39  trn_acc: 0.9676  val_acc: 0.7824  tst_acc: 0.7971
0.9779  0.9897  0.9912
0.7765  0.7853  0.7676
0.7824  0.7735  0.7971
40  trn_acc: 0.9779  val_acc: 0.7765  tst_acc: 0.7824
0.9588  0.9838  0.9926
0.7588  0.7794  0.7471
0.7471  0.7882  0.7971
41  trn_acc: 0.9588  val_acc: 0.7588  tst_acc: 0.7471
0.9471  0.9529  0.9853
0.7029  0.7118  0.7471
0.7353  0.7294  0.7676
42  trn_acc: 0.9471  val_acc: 0.7029  tst_acc: 0.7353
0.9941  0.9956  0.9971
0.7971  0.7971  0.7912
0.8000  0.8029  0.8206
43  trn_acc: 0.9941  val_acc: 0.7971  tst_acc: 0.8000
0.9824  0.9750  0.9868
0.7735  0.7618  0.7324
0.7971  0.7647  0.7794
44  trn_acc: 0.9824  val_acc: 0.7735  tst_acc: 0.7971
0.9088  0.9265  0.9706
0.6735  0.6941  0.7118
0.6853  0.7088  0.7353
45  trn_acc: 0.9088  val_acc: 0.6735  tst_acc: 0.6853
0.9662  0.9676  0.9912
0.7412  0.7000  0.7235
0.7206  0.7265  0.7618
46  trn_acc: 0.9662  val_acc: 0.7412  tst_acc: 0.7206
0.9235  0.9603  0.9838
0.6824  0.7235  0.7265
0.6765  0.7529  0.7647
47  trn_acc: 0.9235  val_acc: 0.6824  tst_acc: 0.6765
0.9956  0.9971  0.9985
0.7765  0.7971  0.7706
0.7941  0.8000  0.7882
48  trn_acc: 0.9956  val_acc: 0.7765  tst_acc: 0.7941
0.9912  0.9868  0.9926
0.8059  0.7853  0.7676
0.7971  0.7824  0.7647
49  trn_acc: 0.9912  val_acc: 0.8059  tst_acc: 0.7971
1.0000  0.9971  1.0000
0.8147  0.7765  0.7824
0.8088  0.8412  0.8000
50  trn_acc: 1.0000  val_acc: 0.8147  tst_acc: 0.8088
0.9853  0.9838  0.9926
0.7382  0.7294  0.7235
0.7853  0.7882  0.7676
51  trn_acc: 0.9853  val_acc: 0.7382  tst_acc: 0.7853
0.7735  0.9206  0.9250
0.5676  0.6706  0.6765
0.5647  0.6529  0.6706
52  trn_acc: 0.7735  val_acc: 0.5676  tst_acc: 0.5647
0.9882  0.9926  0.9971
0.7471  0.7412  0.7559
0.7706  0.7912  0.7941
53  trn_acc: 0.9882  val_acc: 0.7471  tst_acc: 0.7706
0.9838  0.9926  0.9956
0.7941  0.7794  0.7824
0.8088  0.8000  0.8029
54  trn_acc: 0.9838  val_acc: 0.7941  tst_acc: 0.8088
0.9941  0.9926  0.9956
0.7706  0.7706  0.7706
0.7559  0.8000  0.7882
55  trn_acc: 0.9941  val_acc: 0.7706  tst_acc: 0.7559
0.8971  0.8897  0.9029
0.7059  0.7029  0.7029
0.6941  0.6824  0.6824
56  trn_acc: 0.8971  val_acc: 0.7059  tst_acc: 0.6941
0.9956  0.9926  0.9912
0.8029  0.7765  0.7647
0.8088  0.7941  0.7765
57  trn_acc: 0.9956  val_acc: 0.8029  tst_acc: 0.8088
0.9529  0.9779  0.9750
0.6912  0.7235  0.7147
0.7353  0.7735  0.7324
58  trn_acc: 0.9529  val_acc: 0.6912  tst_acc: 0.7353
0.9691  0.9824  0.9926
0.7235  0.7382  0.7412
0.7382  0.7588  0.7500
59  trn_acc: 0.9691  val_acc: 0.7235  tst_acc: 0.7382
0.9044  0.9294  0.9456
0.6765  0.6647  0.7000
0.6824  0.6824  0.7176
60  trn_acc: 0.9044  val_acc: 0.6765  tst_acc: 0.6824
0.9897  0.9809  0.9956
0.7735  0.7647  0.7794
0.8000  0.7912  0.7824
61  trn_acc: 0.9897  val_acc: 0.7735  tst_acc: 0.8000
0.9676  0.9779  0.9853
0.7235  0.7265  0.7265
0.7412  0.7676  0.7706
62  trn_acc: 0.9676  val_acc: 0.7235  tst_acc: 0.7412
0.9897  0.9882  0.9926
0.7618  0.7382  0.7471
0.7794  0.7735  0.7912
63  trn_acc: 0.9897  val_acc: 0.7618  tst_acc: 0.7794
0.9985  0.9971  0.9971
0.7824  0.7706  0.7500
0.7971  0.7824  0.7706
64  trn_acc: 0.9985  val_acc: 0.7824  tst_acc: 0.7971
0.9868  0.9824  0.9882
0.7735  0.7441  0.7706
0.7912  0.7794  0.7853
65  trn_acc: 0.9868  val_acc: 0.7735  tst_acc: 0.7912
0.9985  0.9971  1.0000
0.8265  0.8147  0.7882
0.8059  0.8412  0.8235
66  trn_acc: 0.9985  val_acc: 0.8265  tst_acc: 0.8059
0.9853  0.9926  0.9971
0.7706  0.7647  0.7559
0.7735  0.7853  0.7882
67  trn_acc: 0.9853  val_acc: 0.7706  tst_acc: 0.7735
0.9132  0.9500  0.9779
0.6912  0.7265  0.7441
0.7353  0.7176  0.7471
68  trn_acc: 0.9132  val_acc: 0.6912  tst_acc: 0.7353
0.9721  0.9897  0.9971
0.7735  0.7735  0.7588
0.7676  0.8029  0.8029
69  trn_acc: 0.9721  val_acc: 0.7735  tst_acc: 0.7676
0.9824  0.9971  0.9985
0.7265  0.7765  0.7559
0.7765  0.8029  0.8088
70  trn_acc: 0.9824  val_acc: 0.7265  tst_acc: 0.7765
0.9735  0.9971  0.9985
0.7735  0.7765  0.7853
0.7706  0.7941  0.8118
71  trn_acc: 0.9735  val_acc: 0.7735  tst_acc: 0.7706
0.9868  0.9941  0.9971
0.7735  0.7824  0.7676
0.8029  0.7912  0.8206
72  trn_acc: 0.9868  val_acc: 0.7735  tst_acc: 0.8029
0.9882  1.0000  1.0000
0.7500  0.7765  0.7676
0.7588  0.7735  0.7824
73  trn_acc: 0.9882  val_acc: 0.7500  tst_acc: 0.7588
0.9985  1.0000  1.0000
0.7941  0.7912  0.7588
0.8235  0.8088  0.8118
74  trn_acc: 0.9985  val_acc: 0.7941  tst_acc: 0.8235
0.9971  1.0000  0.9985
0.7676  0.7882  0.7647
0.7912  0.7971  0.7971
75  trn_acc: 0.9971  val_acc: 0.7676  tst_acc: 0.7912
0.8059  0.8618  0.9309
0.6471  0.6647  0.6882
0.6529  0.6706  0.7000
76  trn_acc: 0.8059  val_acc: 0.6471  tst_acc: 0.6529
0.9897  0.9956  0.9985
0.7882  0.7559  0.7412
0.8059  0.7676  0.8029
77  trn_acc: 0.9897  val_acc: 0.7882  tst_acc: 0.8059
0.9897  0.9897  0.9971
0.7471  0.7618  0.7618
0.7971  0.7912  0.8088
78  trn_acc: 0.9897  val_acc: 0.7471  tst_acc: 0.7971
0.9735  0.9912  0.9985
0.7735  0.7618  0.7794
0.7647  0.7735  0.7971
79  trn_acc: 0.9735  val_acc: 0.7735  tst_acc: 0.7647
0.9985  0.9985  1.0000
0.7882  0.7735  0.7588
0.8147  0.7971  0.7941
80  trn_acc: 0.9985  val_acc: 0.7882  tst_acc: 0.8147
0.9368  0.9574  0.9750
0.7529  0.7176  0.7382
0.7000  0.6882  0.7059
81  trn_acc: 0.9368  val_acc: 0.7529  tst_acc: 0.7000
0.9574  0.9941  0.9926
0.7235  0.7441  0.7294
0.6676  0.7618  0.7765
82  trn_acc: 0.9574  val_acc: 0.7235  tst_acc: 0.6676
0.9985  0.9985  0.9985
0.8147  0.7706  0.7618
0.8235  0.7853  0.7824
83  trn_acc: 0.9985  val_acc: 0.8147  tst_acc: 0.8235
0.9971  1.0000  1.0000
0.7676  0.7735  0.7706
0.8176  0.8265  0.8324
84  trn_acc: 0.9971  val_acc: 0.7676  tst_acc: 0.8176
0.9750  0.9956  0.9971
0.7412  0.7441  0.7294
0.7500  0.7647  0.7735
85  trn_acc: 0.9750  val_acc: 0.7412  tst_acc: 0.7500
1.0000  0.9985  0.9985
0.7941  0.7882  0.7618
0.8147  0.8294  0.8147
86  trn_acc: 1.0000  val_acc: 0.7941  tst_acc: 0.8147
0.9765  0.9941  0.9985
0.7353  0.7559  0.7676
0.7412  0.7794  0.8147
87  trn_acc: 0.9765  val_acc: 0.7353  tst_acc: 0.7412
0.9221  0.9221  0.9412
0.7059  0.6971  0.7147
0.6941  0.6765  0.7000
88  trn_acc: 0.9221  val_acc: 0.7059  tst_acc: 0.6941
0.9897  0.9941  1.0000
0.7559  0.7706  0.7912
0.7735  0.7853  0.8147
89  trn_acc: 0.9897  val_acc: 0.7559  tst_acc: 0.7735
0.9853  0.9941  0.9926
0.7559  0.7324  0.7441
0.7912  0.7853  0.8088
90  trn_acc: 0.9853  val_acc: 0.7559  tst_acc: 0.7912
0.9985  1.0000  0.9985
0.7735  0.8000  0.7735
0.8000  0.8059  0.7971
91  trn_acc: 0.9985  val_acc: 0.7735  tst_acc: 0.8000
0.9765  0.9853  0.9971
0.7412  0.7618  0.7441
0.7676  0.7912  0.7706
92  trn_acc: 0.9765  val_acc: 0.7412  tst_acc: 0.7676
0.9897  0.9956  0.9941
0.7500  0.7529  0.7294
0.7588  0.7765  0.7706
93  trn_acc: 0.9897  val_acc: 0.7500  tst_acc: 0.7588
0.7838  0.8647  0.9279
0.6088  0.6559  0.6676
0.6118  0.6294  0.7029
94  trn_acc: 0.7838  val_acc: 0.6088  tst_acc: 0.6118
0.9897  1.0000  0.9985
0.7441  0.7676  0.7794
0.7559  0.7853  0.8235
95  trn_acc: 0.9897  val_acc: 0.7441  tst_acc: 0.7559
0.9603  0.9809  0.9897
0.7059  0.7176  0.7206
0.7412  0.7735  0.7882
96  trn_acc: 0.9603  val_acc: 0.7059  tst_acc: 0.7412
0.9941  0.9971  0.9956
0.7500  0.7706  0.7618
0.8118  0.8118  0.8176
97  trn_acc: 0.9941  val_acc: 0.7500  tst_acc: 0.8118
0.9912  0.9897  0.9985
0.7794  0.7647  0.7471
0.7647  0.7882  0.7647
98  trn_acc: 0.9912  val_acc: 0.7794  tst_acc: 0.7647
0.9897  0.9956  1.0000
0.7853  0.7618  0.7412
0.7853  0.7647  0.7647
99  trn_acc: 0.9897  val_acc: 0.7853  tst_acc: 0.7853
0.9603  0.9897  1.0000
0.7265  0.7147  0.7471
0.7382  0.7618  0.7941
100  trn_acc: 0.9603  val_acc: 0.7265  tst_acc: 0.7382
0.9971  0.9971  0.9985
0.7971  0.7588  0.7824
0.7559  0.7853  0.8059
101  trn_acc: 0.9971  val_acc: 0.7971  tst_acc: 0.7559
0.9691  0.9868  0.9750
0.7206  0.7265  0.7088
0.7353  0.7706  0.7294
102  trn_acc: 0.9691  val_acc: 0.7206  tst_acc: 0.7353
0.9941  1.0000  0.9985
0.7765  0.7941  0.7588
0.7794  0.7971  0.7912
103  trn_acc: 0.9941  val_acc: 0.7765  tst_acc: 0.7794
0.9941  1.0000  1.0000
0.7912  0.7941  0.7706
0.8088  0.7941  0.8118
104  trn_acc: 0.9941  val_acc: 0.7912  tst_acc: 0.8088
0.9985  0.9956  1.0000
0.8000  0.7706  0.7529
0.7941  0.7853  0.8000
105  trn_acc: 0.9985  val_acc: 0.8000  tst_acc: 0.7941
0.9985  0.9912  0.9971
0.7765  0.7559  0.7618
0.7941  0.7971  0.8206
106  trn_acc: 0.9985  val_acc: 0.7765  tst_acc: 0.7941
0.9971  0.9971  1.0000
0.7706  0.7559  0.7618
0.7765  0.7647  0.7676
107  trn_acc: 0.9971  val_acc: 0.7706  tst_acc: 0.7765
0.9941  0.9882  1.0000
0.7647  0.7471  0.7529
0.7971  0.7471  0.7735
108  trn_acc: 0.9941  val_acc: 0.7647  tst_acc: 0.7971
0.9794  0.9882  0.9971
0.7618  0.7618  0.7382
0.7676  0.8088  0.7706
109  trn_acc: 0.9794  val_acc: 0.7618  tst_acc: 0.7676
0.9985  0.9956  0.9985
0.7647  0.7853  0.7824
0.7735  0.8088  0.8118
110  trn_acc: 0.9985  val_acc: 0.7647  tst_acc: 0.7735
0.9765  0.9926  0.9853
0.7412  0.7265  0.7353
0.7176  0.7529  0.7676
111  trn_acc: 0.9765  val_acc: 0.7412  tst_acc: 0.7176
0.9897  0.9971  0.9985
0.7853  0.7765  0.8059
0.7676  0.7618  0.7912
112  trn_acc: 0.9897  val_acc: 0.7853  tst_acc: 0.7676
0.8397  0.8956  0.8647
0.6441  0.6706  0.6206
0.6412  0.6941  0.6382
113  trn_acc: 0.8397  val_acc: 0.6441  tst_acc: 0.6412
0.9971  0.9971  1.0000
0.7765  0.7824  0.7971
0.8000  0.7853  0.7765
114  trn_acc: 0.9971  val_acc: 0.7765  tst_acc: 0.8000
0.9956  0.9956  0.9985
0.8118  0.7941  0.7853
0.8206  0.8000  0.8088
115  trn_acc: 0.9956  val_acc: 0.8118  tst_acc: 0.8206
0.9912  0.9956  0.9985
0.7735  0.7647  0.7618
0.7971  0.7882  0.8000
116  trn_acc: 0.9912  val_acc: 0.7735  tst_acc: 0.7971
0.9971  0.9985  0.9956
0.7735  0.7706  0.7265
0.7971  0.7794  0.7647
117  trn_acc: 0.9971  val_acc: 0.7735  tst_acc: 0.7971
0.9985  0.9971  1.0000
0.8059  0.8118  0.7824
0.8147  0.8088  0.8265
118  trn_acc: 0.9985  val_acc: 0.8059  tst_acc: 0.8147
1.0000  1.0000  1.0000
0.8206  0.7824  0.7647
0.8118  0.8029  0.8118
119  trn_acc: 1.0000  val_acc: 0.8206  tst_acc: 0.8118
0.9882  0.9912  0.9868
0.7853  0.7735  0.7529
0.8029  0.7824  0.7441
120  trn_acc: 0.9882  val_acc: 0.7853  tst_acc: 0.8029
0.9868  0.9926  0.9926
0.7824  0.7853  0.7882
0.8118  0.8088  0.8000
121  trn_acc: 0.9868  val_acc: 0.7824  tst_acc: 0.8118
0.9779  0.9897  0.9912
0.7559  0.7529  0.7500
0.7765  0.7912  0.7676
122  trn_acc: 0.9779  val_acc: 0.7559  tst_acc: 0.7765
0.9853  0.9809  0.9985
0.7324  0.6941  0.7441
0.7618  0.7588  0.7735
123  trn_acc: 0.9853  val_acc: 0.7324  tst_acc: 0.7618
0.9897  0.9941  0.9971
0.7588  0.7618  0.7735
0.7941  0.8059  0.7882
124  trn_acc: 0.9897  val_acc: 0.7588  tst_acc: 0.7941
0.9500  0.9838  0.9941
0.6735  0.7176  0.7324
0.6971  0.7176  0.7471
125  trn_acc: 0.9500  val_acc: 0.6735  tst_acc: 0.6971
0.9912  0.9853  0.9985
0.7765  0.7765  0.7765
0.7265  0.7559  0.7676
126  trn_acc: 0.9912  val_acc: 0.7765  tst_acc: 0.7265
0.9794  0.9882  0.9971
0.7618  0.7294  0.7647
0.7618  0.7500  0.7765
127  trn_acc: 0.9794  val_acc: 0.7618  tst_acc: 0.7618
0.9956  0.9941  0.9971
0.7706  0.7971  0.7618
0.7941  0.7941  0.8088
128  trn_acc: 0.9956  val_acc: 0.7706  tst_acc: 0.7941
0.9971  0.9941  0.9956
0.7941  0.7735  0.7647
0.7912  0.7941  0.7941
129  trn_acc: 0.9971  val_acc: 0.7941  tst_acc: 0.7912
0.9868  0.9941  1.0000
0.7941  0.7853  0.7676
0.8000  0.8118  0.7971
130  trn_acc: 0.9868  val_acc: 0.7941  tst_acc: 0.8000
0.9956  0.9985  1.0000
0.7882  0.7676  0.7824
0.8088  0.7882  0.8088
131  trn_acc: 0.9956  val_acc: 0.7882  tst_acc: 0.8088
0.9985  0.9971  0.9971
0.7912  0.7824  0.7971
0.8088  0.7941  0.8353
132  trn_acc: 0.9985  val_acc: 0.7912  tst_acc: 0.8088
0.9926  1.0000  0.9985
0.7676  0.7853  0.7618
0.7941  0.7765  0.7941
133  trn_acc: 0.9926  val_acc: 0.7676  tst_acc: 0.7941
0.9882  0.9868  0.9926
0.7618  0.7529  0.7471
0.7735  0.7647  0.7971
134  trn_acc: 0.9882  val_acc: 0.7618  tst_acc: 0.7735
0.9985  1.0000  1.0000
0.7853  0.7941  0.7735
0.7824  0.7912  0.8118
135  trn_acc: 0.9985  val_acc: 0.7853  tst_acc: 0.7824
0.9912  0.9956  1.0000
0.7676  0.7676  0.7706
0.7706  0.7912  0.8176
136  trn_acc: 0.9912  val_acc: 0.7676  tst_acc: 0.7706
0.9485  0.9456  0.9941
0.7206  0.6588  0.7588
0.7147  0.6735  0.7853
137  trn_acc: 0.9485  val_acc: 0.7206  tst_acc: 0.7147
0.9632  0.9882  1.0000
0.7382  0.7353  0.7765
0.7588  0.7559  0.7912
138  trn_acc: 0.9632  val_acc: 0.7382  tst_acc: 0.7588
0.9971  0.9971  1.0000
0.7971  0.7853  0.7676
0.7794  0.7882  0.7824
139  trn_acc: 0.9971  val_acc: 0.7971  tst_acc: 0.7794
0.9971  0.9985  1.0000
0.7824  0.7647  0.7765
0.7735  0.7765  0.7824
140  trn_acc: 0.9971  val_acc: 0.7824  tst_acc: 0.7735
0.9838  0.9765  0.9985
0.7059  0.7000  0.7353
0.7471  0.7441  0.7941
141  trn_acc: 0.9838  val_acc: 0.7059  tst_acc: 0.7471
0.9926  0.9941  0.9985
0.7294  0.7441  0.7324
0.7559  0.7853  0.7912
142  trn_acc: 0.9926  val_acc: 0.7294  tst_acc: 0.7559
0.9882  0.9838  1.0000
0.8088  0.7676  0.7882
0.7647  0.7529  0.7941
143  trn_acc: 0.9882  val_acc: 0.8088  tst_acc: 0.7647
0.9985  1.0000  1.0000
0.8118  0.7824  0.7824
0.8000  0.8118  0.8235
144  trn_acc: 0.9985  val_acc: 0.8118  tst_acc: 0.8000
0.9956  0.9985  1.0000
0.7853  0.7794  0.7353
0.8029  0.8088  0.7971
145  trn_acc: 0.9956  val_acc: 0.7853  tst_acc: 0.8029
0.9882  0.9926  0.9985
0.7853  0.7647  0.7618
0.7824  0.7824  0.8059
146  trn_acc: 0.9882  val_acc: 0.7853  tst_acc: 0.7824
0.9985  1.0000  0.9985
0.8059  0.8176  0.7882
0.8471  0.8353  0.8294
147  trn_acc: 0.9985  val_acc: 0.8059  tst_acc: 0.8471
1.0000  1.0000  0.9985
0.8206  0.8265  0.7735
0.8118  0.8147  0.8029
148  trn_acc: 1.0000  val_acc: 0.8206  tst_acc: 0.8118
0.9529  0.9779  0.9926
0.7206  0.7353  0.7441
0.7471  0.7412  0.7706
149  trn_acc: 0.9529  val_acc: 0.7206  tst_acc: 0.7471
0.9882  0.9897  0.9956
0.7676  0.7647  0.7735
0.7618  0.7559  0.7706
150  trn_acc: 0.9882  val_acc: 0.7676  tst_acc: 0.7618
0.9941  0.9971  1.0000
0.8118  0.8000  0.7706
0.7559  0.7647  0.7912
151  trn_acc: 0.9941  val_acc: 0.8118  tst_acc: 0.7559
0.9632  0.9882  0.9985
0.7676  0.7735  0.7500
0.7382  0.7824  0.7794
152  trn_acc: 0.9632  val_acc: 0.7676  tst_acc: 0.7382
0.9868  0.9985  0.9941
0.7647  0.7765  0.7618
0.7765  0.7971  0.7794
153  trn_acc: 0.9868  val_acc: 0.7647  tst_acc: 0.7765
0.9882  0.9926  1.0000
0.7647  0.7500  0.7794
0.7559  0.7706  0.8088
154  trn_acc: 0.9882  val_acc: 0.7647  tst_acc: 0.7559
0.9985  1.0000  1.0000
0.8294  0.7853  0.8029
0.8176  0.8088  0.8088
155  trn_acc: 0.9985  val_acc: 0.8294  tst_acc: 0.8176
0.9971  0.9897  1.0000
0.7882  0.7647  0.7853
0.7941  0.7529  0.8206
156  trn_acc: 0.9971  val_acc: 0.7882  tst_acc: 0.7941
0.9985  0.9985  0.9985
0.7676  0.7853  0.7500
0.7971  0.7941  0.8000
157  trn_acc: 0.9985  val_acc: 0.7676  tst_acc: 0.7971
0.9971  0.9985  1.0000
0.7853  0.7765  0.7588
0.7971  0.7824  0.7794
158  trn_acc: 0.9971  val_acc: 0.7853  tst_acc: 0.7971
0.9971  0.9985  1.0000
0.7971  0.8118  0.7882
0.8059  0.7971  0.7853
159  trn_acc: 0.9971  val_acc: 0.7971  tst_acc: 0.8059
0.9794  0.9824  0.9971
0.7794  0.7618  0.7676
0.7735  0.7618  0.8088
160  trn_acc: 0.9794  val_acc: 0.7794  tst_acc: 0.7735
0.9941  0.9956  0.9985
0.8000  0.7765  0.7618
0.7794  0.7971  0.8088
161  trn_acc: 0.9941  val_acc: 0.8000  tst_acc: 0.7794
0.9985  0.9971  1.0000
0.7941  0.7676  0.7559
0.7971  0.8000  0.8029
162  trn_acc: 0.9985  val_acc: 0.7941  tst_acc: 0.7971
1.0000  0.9971  1.0000
0.7912  0.7618  0.7647
0.8088  0.8059  0.7941
163  trn_acc: 1.0000  val_acc: 0.7912  tst_acc: 0.8088
0.9868  0.9912  1.0000
0.7294  0.7294  0.7412
0.7294  0.7588  0.7647
164  trn_acc: 0.9868  val_acc: 0.7294  tst_acc: 0.7294
0.9941  0.9971  1.0000
0.8029  0.7853  0.7647
0.7971  0.7765  0.7912
165  trn_acc: 0.9941  val_acc: 0.8029  tst_acc: 0.7971
0.9809  0.9838  1.0000
0.7382  0.7382  0.7794
0.7441  0.7706  0.7971
166  trn_acc: 0.9809  val_acc: 0.7382  tst_acc: 0.7441
0.9941  0.9926  1.0000
0.7853  0.7618  0.7853
0.7882  0.7735  0.7765
167  trn_acc: 0.9941  val_acc: 0.7853  tst_acc: 0.7882
0.9926  0.9985  0.9971
0.8118  0.7971  0.7559
0.7971  0.8265  0.8147
168  trn_acc: 0.9926  val_acc: 0.8118  tst_acc: 0.7971
0.9809  0.9809  0.9985
0.7765  0.7588  0.7441
0.7206  0.7382  0.7559
169  trn_acc: 0.9809  val_acc: 0.7765  tst_acc: 0.7206
1.0000  1.0000  1.0000
0.8088  0.8059  0.7853
0.7912  0.8176  0.8088
170  trn_acc: 1.0000  val_acc: 0.8088  tst_acc: 0.7912
0.9941  0.9941  1.0000
0.7824  0.7500  0.7706
0.7794  0.7853  0.7971
171  trn_acc: 0.9941  val_acc: 0.7824  tst_acc: 0.7794
0.9985  0.9985  1.0000
0.8000  0.7853  0.7824
0.8118  0.8206  0.7971
172  trn_acc: 0.9985  val_acc: 0.8000  tst_acc: 0.8118
0.9985  1.0000  1.0000
0.7971  0.7588  0.7706
0.8029  0.8000  0.7971
173  trn_acc: 0.9985  val_acc: 0.7971  tst_acc: 0.8029
0.9971  0.9941  1.0000
0.8059  0.7824  0.7618
0.8118  0.8000  0.8088
174  trn_acc: 0.9971  val_acc: 0.8059  tst_acc: 0.8118
0.9765  0.9868  0.9985
0.7500  0.7500  0.7353
0.7500  0.7676  0.7618
175  trn_acc: 0.9765  val_acc: 0.7500  tst_acc: 0.7500
0.9971  1.0000  1.0000
0.7941  0.7941  0.7941
0.8029  0.8294  0.8118
176  trn_acc: 0.9971  val_acc: 0.7941  tst_acc: 0.8029
0.9985  0.9985  1.0000
0.8206  0.7912  0.7912
0.7912  0.8147  0.8206
177  trn_acc: 0.9985  val_acc: 0.8206  tst_acc: 0.7912
0.9985  1.0000  1.0000
0.7824  0.7735  0.7735
0.8118  0.8206  0.8294
178  trn_acc: 0.9985  val_acc: 0.7824  tst_acc: 0.8118
0.9956  0.9956  1.0000
0.7824  0.7618  0.7559
0.7618  0.7794  0.7912
179  trn_acc: 0.9956  val_acc: 0.7824  tst_acc: 0.7618
0.9779  0.9853  0.9956
0.7765  0.7706  0.7353
0.7559  0.7735  0.7882
180  trn_acc: 0.9779  val_acc: 0.7765  tst_acc: 0.7559
155 0.8176 0.8294 0.9985 1.0000

