


getGoogleNet_v3_bnall

Doing: 1
(?, 147, 147, 64)
(?, 73, 73, 64)
(?, 71, 71, 192)
(?, 35, 35, 192)
(?, 35, 35, 256)
(?, 35, 35, 288)
(?, 17, 17, 768)
(?, 17, 17, 768)
(?, 17, 17, 768)
(?, 17, 17, 768)
(?, 17)
(?, 8, 8, 1280)
(?, 8, 8, 2048)
(?, 1, 1, 2048)
(?, 17)
0.0559  0.0662
0.0559  0.0588
0.0500  0.0618
1  trn_acc: 0.0559  val_acc: 0.0559  tst_acc: 0.0500
0.0765  0.0824
0.0765  0.0882
0.0706  0.0941
2  trn_acc: 0.0765  val_acc: 0.0765  tst_acc: 0.0706
0.1368  0.2647
0.1588  0.2000
0.1618  0.2324
3  trn_acc: 0.1368  val_acc: 0.1588  tst_acc: 0.1618
0.3809  0.5176
0.3647  0.3971
0.3676  0.3971
4  trn_acc: 0.3809  val_acc: 0.3647  tst_acc: 0.3676
0.3309  0.5765
0.2735  0.4206
0.3147  0.4941
5  trn_acc: 0.3309  val_acc: 0.2735  tst_acc: 0.3147
0.5059  0.6853
0.4029  0.4824
0.4294  0.5147
6  trn_acc: 0.5059  val_acc: 0.4029  tst_acc: 0.4294
0.3647  0.6706
0.3029  0.4794
0.3824  0.5500
7  trn_acc: 0.3647  val_acc: 0.3029  tst_acc: 0.3824
0.6324  0.7779
0.4853  0.5471
0.5647  0.6147
8  trn_acc: 0.6324  val_acc: 0.4853  tst_acc: 0.5647
0.4588  0.6471
0.3824  0.4265
0.4000  0.5088
9  trn_acc: 0.4588  val_acc: 0.3824  tst_acc: 0.4000
0.6735  0.8176
0.4912  0.5559
0.5500  0.6176
10  trn_acc: 0.6735  val_acc: 0.4912  tst_acc: 0.5500
0.7235  0.8147
0.5941  0.5412
0.6265  0.6118
11  trn_acc: 0.7235  val_acc: 0.5941  tst_acc: 0.6265
0.8088  0.9368
0.6088  0.5765
0.6706  0.6588
12  trn_acc: 0.8088  val_acc: 0.6088  tst_acc: 0.6706
0.7632  0.9235
0.6176  0.6147
0.6471  0.6676
13  trn_acc: 0.7632  val_acc: 0.6176  tst_acc: 0.6471
0.6912  0.9132
0.5029  0.6000
0.5765  0.6824
14  trn_acc: 0.6912  val_acc: 0.5029  tst_acc: 0.5765
0.8941  0.9706
0.6412  0.6382
0.7559  0.7294
15  trn_acc: 0.8941  val_acc: 0.6412  tst_acc: 0.7559
0.9279  0.9824
0.6794  0.6765
0.7735  0.7294
16  trn_acc: 0.9279  val_acc: 0.6794  tst_acc: 0.7735
0.7838  0.9456
0.5618  0.6206
0.6265  0.6794
17  trn_acc: 0.7838  val_acc: 0.5618  tst_acc: 0.6265
0.8574  0.9618
0.6265  0.6676
0.7000  0.7000
18  trn_acc: 0.8574  val_acc: 0.6265  tst_acc: 0.7000
0.9265  0.9809
0.6441  0.6382
0.7265  0.6735
19  trn_acc: 0.9265  val_acc: 0.6441  tst_acc: 0.7265
0.7912  0.8794
0.5559  0.5735
0.6206  0.6294
20  trn_acc: 0.7912  val_acc: 0.5559  tst_acc: 0.6206
0.9382  0.9721
0.6853  0.6971
0.7471  0.7324
21  trn_acc: 0.9382  val_acc: 0.6853  tst_acc: 0.7471
0.9588  0.9897
0.6824  0.6618
0.7735  0.7412
22  trn_acc: 0.9588  val_acc: 0.6824  tst_acc: 0.7735
0.9015  0.9779
0.6529  0.6206
0.7059  0.7176
23  trn_acc: 0.9015  val_acc: 0.6529  tst_acc: 0.7059
0.9412  0.9941
0.6941  0.6824
0.7118  0.7353
24  trn_acc: 0.9412  val_acc: 0.6941  tst_acc: 0.7118
0.8471  0.9412
0.5676  0.6441
0.6500  0.7029
25  trn_acc: 0.8471  val_acc: 0.5676  tst_acc: 0.6500
0.9603  0.9956
0.7294  0.6676
0.7441  0.7294
26  trn_acc: 0.9603  val_acc: 0.7294  tst_acc: 0.7441
0.8397  0.9088
0.5941  0.6147
0.6735  0.6735
27  trn_acc: 0.8397  val_acc: 0.5941  tst_acc: 0.6735
0.9294  0.9882
0.6559  0.6471
0.7059  0.7265
28  trn_acc: 0.9294  val_acc: 0.6559  tst_acc: 0.7059
0.9912  0.9971
0.7412  0.7088
0.7912  0.7529
29  trn_acc: 0.9912  val_acc: 0.7412  tst_acc: 0.7912
0.9721  0.9956
0.6824  0.7000
0.7118  0.7294
30  trn_acc: 0.9721  val_acc: 0.6824  tst_acc: 0.7118
0.9897  1.0000
0.7265  0.7324
0.7706  0.7647
31  trn_acc: 0.9897  val_acc: 0.7265  tst_acc: 0.7706
0.9912  0.9985
0.7441  0.7059
0.7588  0.7471
32  trn_acc: 0.9912  val_acc: 0.7441  tst_acc: 0.7588
0.9897  0.9897
0.7471  0.6706
0.7500  0.7118
33  trn_acc: 0.9897  val_acc: 0.7471  tst_acc: 0.7500
0.9779  0.9912
0.6912  0.6971
0.7559  0.7471
34  trn_acc: 0.9779  val_acc: 0.6912  tst_acc: 0.7559
0.9588  0.9897
0.7000  0.6824
0.7500  0.7147
35  trn_acc: 0.9588  val_acc: 0.7000  tst_acc: 0.7500
0.9985  0.9985
0.7794  0.7235
0.7941  0.8029
36  trn_acc: 0.9985  val_acc: 0.7794  tst_acc: 0.7941
0.9809  0.9971
0.6882  0.6853
0.7706  0.7353
37  trn_acc: 0.9809  val_acc: 0.6882  tst_acc: 0.7706
0.9956  0.9985
0.7294  0.7147
0.7794  0.7471
38  trn_acc: 0.9956  val_acc: 0.7294  tst_acc: 0.7794
0.9985  1.0000
0.7735  0.7353
0.8088  0.7912
39  trn_acc: 0.9985  val_acc: 0.7735  tst_acc: 0.8088
0.9985  1.0000
0.7706  0.7324
0.7735  0.7618
40  trn_acc: 0.9985  val_acc: 0.7706  tst_acc: 0.7735
0.9603  0.9926
0.6706  0.6853
0.7088  0.7294
41  trn_acc: 0.9603  val_acc: 0.6706  tst_acc: 0.7088
0.9971  1.0000
0.7353  0.6941
0.7941  0.7706
42  trn_acc: 0.9971  val_acc: 0.7353  tst_acc: 0.7941
0.9971  1.0000
0.7000  0.7059
0.7559  0.7618
43  trn_acc: 0.9971  val_acc: 0.7000  tst_acc: 0.7559
0.9971  0.9971
0.7735  0.7176
0.8265  0.7588
44  trn_acc: 0.9971  val_acc: 0.7735  tst_acc: 0.8265
0.9750  0.9985
0.7206  0.7176
0.7588  0.7706
45  trn_acc: 0.9750  val_acc: 0.7206  tst_acc: 0.7588
1.0000  1.0000
0.7382  0.7088
0.7882  0.7588
46  trn_acc: 1.0000  val_acc: 0.7382  tst_acc: 0.7882
0.9956  1.0000
0.7382  0.7147
0.7882  0.7618
47  trn_acc: 0.9956  val_acc: 0.7382  tst_acc: 0.7882
0.9824  0.9971
0.7324  0.7265
0.7882  0.7588
48  trn_acc: 0.9824  val_acc: 0.7324  tst_acc: 0.7882
0.9603  0.9882
0.7147  0.6971
0.7324  0.7471
49  trn_acc: 0.9603  val_acc: 0.7147  tst_acc: 0.7324
0.9985  1.0000
0.7676  0.7324
0.8206  0.7882
50  trn_acc: 0.9985  val_acc: 0.7676  tst_acc: 0.8206
0.9971  0.9985
0.7500  0.6941
0.8000  0.7706
51  trn_acc: 0.9971  val_acc: 0.7500  tst_acc: 0.8000
0.9926  0.9985
0.7676  0.7000
0.8176  0.7706
52  trn_acc: 0.9926  val_acc: 0.7676  tst_acc: 0.8176
0.9926  1.0000
0.7324  0.7412
0.7588  0.7706
53  trn_acc: 0.9926  val_acc: 0.7324  tst_acc: 0.7588
0.9926  1.0000
0.7382  0.7118
0.8000  0.7853
54  trn_acc: 0.9926  val_acc: 0.7382  tst_acc: 0.8000
0.9956  0.9941
0.7382  0.6824
0.7853  0.7412
55  trn_acc: 0.9956  val_acc: 0.7382  tst_acc: 0.7853
0.9603  0.9985
0.6500  0.6765
0.6647  0.7471
56  trn_acc: 0.9603  val_acc: 0.6500  tst_acc: 0.6647
0.9397  0.9824
0.6618  0.6735
0.7235  0.7000
57  trn_acc: 0.9397  val_acc: 0.6618  tst_acc: 0.7235
0.9912  1.0000
0.7294  0.7206
0.7647  0.7353
58  trn_acc: 0.9912  val_acc: 0.7294  tst_acc: 0.7647
0.9985  0.9985
0.7235  0.6941
0.7676  0.7412
59  trn_acc: 0.9985  val_acc: 0.7235  tst_acc: 0.7676
1.0000  1.0000
0.8059  0.7176
0.8176  0.7735
60  trn_acc: 1.0000  val_acc: 0.8059  tst_acc: 0.8176
0.9985  1.0000
0.7941  0.7294
0.7882  0.7912
61  trn_acc: 0.9985  val_acc: 0.7941  tst_acc: 0.7882
0.9985  1.0000
0.7353  0.7235
0.7588  0.7706
62  trn_acc: 0.9985  val_acc: 0.7353  tst_acc: 0.7588
0.9956  0.9971
0.7471  0.7118
0.7912  0.7529
63  trn_acc: 0.9956  val_acc: 0.7471  tst_acc: 0.7912
0.9868  0.9971
0.7294  0.6765
0.7824  0.7471
64  trn_acc: 0.9868  val_acc: 0.7294  tst_acc: 0.7824
0.9897  0.9956
0.7559  0.7147
0.7824  0.7412
65  trn_acc: 0.9897  val_acc: 0.7559  tst_acc: 0.7824
0.9985  1.0000
0.7412  0.6971
0.8118  0.7794
66  trn_acc: 0.9985  val_acc: 0.7412  tst_acc: 0.8118
0.9971  1.0000
0.7853  0.7176
0.8059  0.7500
67  trn_acc: 0.9971  val_acc: 0.7853  tst_acc: 0.8059
0.9868  1.0000
0.7118  0.6882
0.7618  0.7471
68  trn_acc: 0.9868  val_acc: 0.7118  tst_acc: 0.7618
0.9985  1.0000
0.7118  0.7176
0.8059  0.7647
69  trn_acc: 0.9985  val_acc: 0.7118  tst_acc: 0.8059
0.9971  0.9985
0.7206  0.6765
0.7912  0.7676
70  trn_acc: 0.9971  val_acc: 0.7206  tst_acc: 0.7912
0.9985  0.9985
0.7471  0.7118
0.7882  0.7647
71  trn_acc: 0.9985  val_acc: 0.7471  tst_acc: 0.7882
0.9912  0.9985
0.7382  0.6794
0.7618  0.7471
72  trn_acc: 0.9912  val_acc: 0.7382  tst_acc: 0.7618
0.9971  0.9985
0.7324  0.6882
0.8029  0.7588
73  trn_acc: 0.9971  val_acc: 0.7324  tst_acc: 0.8029
1.0000  1.0000
0.7529  0.7412
0.8118  0.7794
74  trn_acc: 1.0000  val_acc: 0.7529  tst_acc: 0.8118
0.9971  1.0000
0.7471  0.7029
0.7853  0.7676
75  trn_acc: 0.9971  val_acc: 0.7471  tst_acc: 0.7853
1.0000  1.0000
0.7824  0.7235
0.8324  0.7853
76  trn_acc: 1.0000  val_acc: 0.7824  tst_acc: 0.8324
0.9971  1.0000
0.7441  0.6941
0.7824  0.7529
77  trn_acc: 0.9971  val_acc: 0.7441  tst_acc: 0.7824
0.9985  1.0000
0.7529  0.6853
0.7765  0.7412
78  trn_acc: 0.9985  val_acc: 0.7529  tst_acc: 0.7765
1.0000  1.0000
0.7618  0.7059
0.7882  0.7529
79  trn_acc: 1.0000  val_acc: 0.7618  tst_acc: 0.7882
1.0000  1.0000
0.7853  0.7382
0.8206  0.7882
80  trn_acc: 1.0000  val_acc: 0.7853  tst_acc: 0.8206
1.0000  1.0000
0.7618  0.6882
0.8118  0.7618
81  trn_acc: 1.0000  val_acc: 0.7618  tst_acc: 0.8118
0.9941  0.9971
0.7324  0.7235
0.7912  0.7529
82  trn_acc: 0.9941  val_acc: 0.7324  tst_acc: 0.7912
0.9985  1.0000
0.7588  0.7088
0.8176  0.7588
83  trn_acc: 0.9985  val_acc: 0.7588  tst_acc: 0.8176
0.9853  1.0000
0.7324  0.6941
0.7765  0.7235
84  trn_acc: 0.9853  val_acc: 0.7324  tst_acc: 0.7765
0.9985  1.0000
0.7206  0.6882
0.7529  0.7647
85  trn_acc: 0.9985  val_acc: 0.7206  tst_acc: 0.7529
1.0000  1.0000
0.7441  0.7294
0.7882  0.7735
86  trn_acc: 1.0000  val_acc: 0.7441  tst_acc: 0.7882
1.0000  1.0000
0.8029  0.7382
0.8206  0.7853
87  trn_acc: 1.0000  val_acc: 0.8029  tst_acc: 0.8206
0.9971  0.9985
0.7794  0.7088
0.7971  0.7559
88  trn_acc: 0.9971  val_acc: 0.7794  tst_acc: 0.7971
1.0000  1.0000
0.7882  0.7382
0.8265  0.7735
89  trn_acc: 1.0000  val_acc: 0.7882  tst_acc: 0.8265
1.0000  1.0000
0.7794  0.7235
0.8235  0.7853
90  trn_acc: 1.0000  val_acc: 0.7794  tst_acc: 0.8235
1.0000  1.0000
0.7853  0.7500
0.8353  0.7794
91  trn_acc: 1.0000  val_acc: 0.7853  tst_acc: 0.8353
1.0000  1.0000
0.7912  0.7206
0.8088  0.7824
92  trn_acc: 1.0000  val_acc: 0.7912  tst_acc: 0.8088
0.9971  0.9985
0.7382  0.7118
0.7765  0.7529
93  trn_acc: 0.9971  val_acc: 0.7382  tst_acc: 0.7765
1.0000  1.0000
0.7647  0.6912
0.7941  0.7529
94  trn_acc: 1.0000  val_acc: 0.7647  tst_acc: 0.7941
0.9971  1.0000
0.7471  0.6941
0.8206  0.7853
95  trn_acc: 0.9971  val_acc: 0.7471  tst_acc: 0.8206
1.0000  1.0000
0.7529  0.7059
0.8265  0.7735
96  trn_acc: 1.0000  val_acc: 0.7529  tst_acc: 0.8265
1.0000  1.0000
0.7235  0.6618
0.8029  0.7618
97  trn_acc: 1.0000  val_acc: 0.7235  tst_acc: 0.8029
1.0000  1.0000
0.7676  0.7176
0.8206  0.7676
98  trn_acc: 1.0000  val_acc: 0.7676  tst_acc: 0.8206
1.0000  1.0000
0.7647  0.7176
0.7941  0.7794
99  trn_acc: 1.0000  val_acc: 0.7647  tst_acc: 0.7941
1.0000  1.0000
0.7765  0.7206
0.7882  0.7676
100  trn_acc: 1.0000  val_acc: 0.7765  tst_acc: 0.7882
1.0000  0.9971
0.7500  0.6706
0.7941  0.7294
101  trn_acc: 1.0000  val_acc: 0.7500  tst_acc: 0.7941
1.0000  1.0000
0.7529  0.6971
0.8000  0.7735
102  trn_acc: 1.0000  val_acc: 0.7529  tst_acc: 0.8000
1.0000  1.0000
0.7882  0.7471
0.8147  0.7853
103  trn_acc: 1.0000  val_acc: 0.7882  tst_acc: 0.8147
1.0000  1.0000
0.8029  0.7471
0.8206  0.7765
104  trn_acc: 1.0000  val_acc: 0.8029  tst_acc: 0.8206
1.0000  1.0000
0.7618  0.7000
0.8000  0.7794
105  trn_acc: 1.0000  val_acc: 0.7618  tst_acc: 0.8000
1.0000  1.0000
0.7618  0.7206
0.7853  0.7706
106  trn_acc: 1.0000  val_acc: 0.7618  tst_acc: 0.7853
0.9971  0.9985
0.7912  0.7235
0.7971  0.7735
107  trn_acc: 0.9971  val_acc: 0.7912  tst_acc: 0.7971
1.0000  1.0000
0.7471  0.7412
0.8118  0.7794
108  trn_acc: 1.0000  val_acc: 0.7471  tst_acc: 0.8118
0.9912  0.9985
0.7147  0.7206
0.7441  0.7706
109  trn_acc: 0.9912  val_acc: 0.7147  tst_acc: 0.7441
0.9706  0.9809
0.6735  0.6529
0.7029  0.6853
110  trn_acc: 0.9706  val_acc: 0.6735  tst_acc: 0.7029
0.9971  1.0000
0.7471  0.7029
0.7941  0.7471
111  trn_acc: 0.9971  val_acc: 0.7471  tst_acc: 0.7941
0.9985  1.0000
0.7676  0.6971
0.8000  0.7618
112  trn_acc: 0.9985  val_acc: 0.7676  tst_acc: 0.8000
1.0000  1.0000
0.7588  0.7000
0.7794  0.7500
113  trn_acc: 1.0000  val_acc: 0.7588  tst_acc: 0.7794
1.0000  1.0000
0.7412  0.7147
0.7853  0.7500
114  trn_acc: 1.0000  val_acc: 0.7412  tst_acc: 0.7853
0.9941  0.9985
0.7176  0.6676
0.7706  0.7000
115  trn_acc: 0.9941  val_acc: 0.7176  tst_acc: 0.7706
1.0000  1.0000
0.7647  0.7294
0.8059  0.7853
116  trn_acc: 1.0000  val_acc: 0.7647  tst_acc: 0.8059
0.9956  1.0000
0.7353  0.7235
0.7647  0.7647
117  trn_acc: 0.9956  val_acc: 0.7353  tst_acc: 0.7647
1.0000  1.0000
0.7765  0.7235
0.8206  0.7794
118  trn_acc: 1.0000  val_acc: 0.7765  tst_acc: 0.8206
1.0000  1.0000
0.7882  0.7324
0.8412  0.7647
119  trn_acc: 1.0000  val_acc: 0.7882  tst_acc: 0.8412
1.0000  1.0000
0.7765  0.7265
0.8147  0.7676
120  trn_acc: 1.0000  val_acc: 0.7765  tst_acc: 0.8147
1.0000  1.0000
0.7971  0.7324
0.8206  0.7588
121  trn_acc: 1.0000  val_acc: 0.7971  tst_acc: 0.8206
0.9956  0.9985
0.7353  0.6971
0.7706  0.7382
122  trn_acc: 0.9956  val_acc: 0.7353  tst_acc: 0.7706
1.0000  1.0000
0.7647  0.7176
0.8235  0.7765
123  trn_acc: 1.0000  val_acc: 0.7647  tst_acc: 0.8235
1.0000  1.0000
0.7618  0.7147
0.8235  0.7794
124  trn_acc: 1.0000  val_acc: 0.7618  tst_acc: 0.8235
1.0000  1.0000
0.7676  0.7324
0.8147  0.7735
125  trn_acc: 1.0000  val_acc: 0.7676  tst_acc: 0.8147
1.0000  1.0000
0.7971  0.7441
0.8235  0.7824
126  trn_acc: 1.0000  val_acc: 0.7971  tst_acc: 0.8235
1.0000  1.0000
0.7765  0.7294
0.7882  0.7676
127  trn_acc: 1.0000  val_acc: 0.7765  tst_acc: 0.7882
0.9971  0.9985
0.7324  0.7059
0.8059  0.7765
128  trn_acc: 0.9971  val_acc: 0.7324  tst_acc: 0.8059
1.0000  1.0000
0.7471  0.7118
0.8088  0.7735
129  trn_acc: 1.0000  val_acc: 0.7471  tst_acc: 0.8088
1.0000  1.0000
0.8147  0.7235
0.8324  0.7706
130  trn_acc: 1.0000  val_acc: 0.8147  tst_acc: 0.8324
1.0000  0.9985
0.8176  0.7118
0.8118  0.7647
131  trn_acc: 1.0000  val_acc: 0.8176  tst_acc: 0.8118
1.0000  1.0000
0.7588  0.6824
0.7882  0.7559
132  trn_acc: 1.0000  val_acc: 0.7588  tst_acc: 0.7882
1.0000  1.0000
0.8118  0.7235
0.8206  0.7912
133  trn_acc: 1.0000  val_acc: 0.8118  tst_acc: 0.8206
1.0000  1.0000
0.8206  0.7412
0.8176  0.7882
134  trn_acc: 1.0000  val_acc: 0.8206  tst_acc: 0.8176
1.0000  1.0000
0.7647  0.7176
0.8206  0.7882
135  trn_acc: 1.0000  val_acc: 0.7647  tst_acc: 0.8206
1.0000  1.0000
0.7794  0.7441
0.7971  0.7735
136  trn_acc: 1.0000  val_acc: 0.7794  tst_acc: 0.7971
1.0000  1.0000
0.7676  0.7118
0.7912  0.7559
137  trn_acc: 1.0000  val_acc: 0.7676  tst_acc: 0.7912
0.9985  1.0000
0.7735  0.7324
0.7941  0.7382
138  trn_acc: 0.9985  val_acc: 0.7735  tst_acc: 0.7941
0.9985  1.0000
0.7971  0.7441
0.8235  0.7794
139  trn_acc: 0.9985  val_acc: 0.7971  tst_acc: 0.8235
0.9985  1.0000
0.7941  0.7118
0.8471  0.7618
140  trn_acc: 0.9985  val_acc: 0.7941  tst_acc: 0.8471
1.0000  1.0000
0.7941  0.7206
0.8294  0.7559
141  trn_acc: 1.0000  val_acc: 0.7941  tst_acc: 0.8294
1.0000  1.0000
0.7912  0.7353
0.8382  0.7676
142  trn_acc: 1.0000  val_acc: 0.7912  tst_acc: 0.8382
1.0000  1.0000
0.8000  0.7294
0.8324  0.7882
143  trn_acc: 1.0000  val_acc: 0.8000  tst_acc: 0.8324
1.0000  1.0000
0.7588  0.7118
0.7882  0.7529
144  trn_acc: 1.0000  val_acc: 0.7588  tst_acc: 0.7882
1.0000  1.0000
0.7971  0.7118
0.8000  0.7676
145  trn_acc: 1.0000  val_acc: 0.7971  tst_acc: 0.8000
1.0000  1.0000
0.8000  0.7382
0.8206  0.7794
146  trn_acc: 1.0000  val_acc: 0.8000  tst_acc: 0.8206
0.9956  1.0000
0.7529  0.6912
0.7882  0.7265
147  trn_acc: 0.9956  val_acc: 0.7529  tst_acc: 0.7882
1.0000  1.0000
0.7941  0.7382
0.8235  0.7824
148  trn_acc: 1.0000  val_acc: 0.7941  tst_acc: 0.8235
0.9956  1.0000
0.7735  0.7147
0.7882  0.7706
149  trn_acc: 0.9956  val_acc: 0.7735  tst_acc: 0.7882
1.0000  1.0000
0.8118  0.7294
0.8176  0.8029
150  trn_acc: 1.0000  val_acc: 0.8118  tst_acc: 0.8176
1.0000  1.0000
0.7824  0.7235
0.8265  0.7882
151  trn_acc: 1.0000  val_acc: 0.7824  tst_acc: 0.8265
1.0000  0.9985
0.8088  0.7206
0.8118  0.7853
152  trn_acc: 1.0000  val_acc: 0.8088  tst_acc: 0.8118
1.0000  1.0000
0.8000  0.7353
0.8412  0.8059
153  trn_acc: 1.0000  val_acc: 0.8000  tst_acc: 0.8412
1.0000  1.0000
0.7912  0.7059
0.8441  0.8118
154  trn_acc: 1.0000  val_acc: 0.7912  tst_acc: 0.8441
0.9985  1.0000
0.7559  0.6971
0.8029  0.7706
155  trn_acc: 0.9985  val_acc: 0.7559  tst_acc: 0.8029
1.0000  1.0000
0.7882  0.7176
0.8265  0.7824
156  trn_acc: 1.0000  val_acc: 0.7882  tst_acc: 0.8265
0.9985  1.0000
0.7971  0.7412
0.8235  0.7912
157  trn_acc: 0.9985  val_acc: 0.7971  tst_acc: 0.8235
1.0000  1.0000
0.8147  0.7412
0.8382  0.7971
158  trn_acc: 1.0000  val_acc: 0.8147  tst_acc: 0.8382
1.0000  1.0000
0.7824  0.7294
0.8265  0.7912
159  trn_acc: 1.0000  val_acc: 0.7824  tst_acc: 0.8265
1.0000  1.0000
0.7706  0.7324
0.8176  0.7676
160  trn_acc: 1.0000  val_acc: 0.7706  tst_acc: 0.8176
1.0000  1.0000
0.7618  0.7176
0.8000  0.7618
161  trn_acc: 1.0000  val_acc: 0.7618  tst_acc: 0.8000
1.0000  1.0000
0.7647  0.7353
0.8088  0.7765
162  trn_acc: 1.0000  val_acc: 0.7647  tst_acc: 0.8088
1.0000  1.0000
0.7794  0.7353
0.8176  0.7735
163  trn_acc: 1.0000  val_acc: 0.7794  tst_acc: 0.8176
1.0000  1.0000
0.7941  0.7294
0.8294  0.7912
164  trn_acc: 1.0000  val_acc: 0.7941  tst_acc: 0.8294
1.0000  1.0000
0.7588  0.7176
0.8118  0.7824
165  trn_acc: 1.0000  val_acc: 0.7588  tst_acc: 0.8118
1.0000  0.9985
0.7353  0.7441
0.8088  0.7853
166  trn_acc: 1.0000  val_acc: 0.7353  tst_acc: 0.8088
1.0000  1.0000
0.7559  0.7294
0.8176  0.7853
167  trn_acc: 1.0000  val_acc: 0.7559  tst_acc: 0.8176
1.0000  1.0000
0.7676  0.7235
0.8206  0.8029
168  trn_acc: 1.0000  val_acc: 0.7676  tst_acc: 0.8206
1.0000  1.0000
0.7735  0.7176
0.8118  0.7912
169  trn_acc: 1.0000  val_acc: 0.7735  tst_acc: 0.8118
1.0000  1.0000
0.7853  0.7147
0.8000  0.8118
170  trn_acc: 1.0000  val_acc: 0.7853  tst_acc: 0.8000
0.9985  1.0000
0.7853  0.7324
0.8176  0.7882
171  trn_acc: 0.9985  val_acc: 0.7853  tst_acc: 0.8176
1.0000  1.0000
0.7824  0.7412
0.8441  0.7941
172  trn_acc: 1.0000  val_acc: 0.7824  tst_acc: 0.8441
1.0000  1.0000
0.7824  0.7382
0.7971  0.7853
173  trn_acc: 1.0000  val_acc: 0.7824  tst_acc: 0.7971
1.0000  1.0000
0.7676  0.7324
0.8353  0.7824
174  trn_acc: 1.0000  val_acc: 0.7676  tst_acc: 0.8353
1.0000  1.0000
0.7765  0.7382
0.8059  0.7912
175  trn_acc: 1.0000  val_acc: 0.7765  tst_acc: 0.8059
1.0000  1.0000
0.7735  0.7441
0.8088  0.7853
176  trn_acc: 1.0000  val_acc: 0.7735  tst_acc: 0.8088
1.0000  1.0000
0.8118  0.7353
0.8235  0.7882
177  trn_acc: 1.0000  val_acc: 0.8118  tst_acc: 0.8235
1.0000  1.0000
0.8088  0.7441
0.8206  0.8000
178  trn_acc: 1.0000  val_acc: 0.8088  tst_acc: 0.8206
1.0000  1.0000
0.7824  0.7676
0.8265  0.8176
179  trn_acc: 1.0000  val_acc: 0.7824  tst_acc: 0.8265
1.0000  1.0000
0.8029  0.7618
0.8265  0.8147
180  trn_acc: 1.0000  val_acc: 0.8029  tst_acc: 0.8265
134 0.8176 0.8206 1.0000 1.0000





getGoogleNet_v3_bnall

Doing: 2
(?, 147, 147, 64)
(?, 73, 73, 64)
(?, 71, 71, 192)
(?, 35, 35, 192)
(?, 35, 35, 256)
(?, 35, 35, 288)
(?, 17, 17, 768)
(?, 17, 17, 768)
(?, 17, 17, 768)
(?, 17, 17, 768)
(?, 17)
(?, 8, 8, 1280)
(?, 8, 8, 2048)
(?, 1, 1, 2048)
(?, 17)
0.0588  0.0691
0.0588  0.0647
0.0588  0.0618
1  trn_acc: 0.0588  val_acc: 0.0588  tst_acc: 0.0588
0.0794  0.1044
0.0882  0.1029
0.0971  0.0912
2  trn_acc: 0.0794  val_acc: 0.0882  tst_acc: 0.0971
0.2059  0.3162
0.1676  0.2765
0.1441  0.2500
3  trn_acc: 0.2059  val_acc: 0.1676  tst_acc: 0.1441
0.2603  0.4588
0.2706  0.3912
0.2088  0.3559
4  trn_acc: 0.2603  val_acc: 0.2706  tst_acc: 0.2088
0.4853  0.4985
0.4294  0.3941
0.4029  0.3471
5  trn_acc: 0.4853  val_acc: 0.4294  tst_acc: 0.4029
0.2515  0.5426
0.2029  0.4294
0.2088  0.3882
6  trn_acc: 0.2515  val_acc: 0.2029  tst_acc: 0.2088
0.5559  0.7132
0.4735  0.5412
0.3912  0.4824
7  trn_acc: 0.5559  val_acc: 0.4735  tst_acc: 0.3912
0.5103  0.6544
0.4235  0.5000
0.4029  0.4500
8  trn_acc: 0.5103  val_acc: 0.4235  tst_acc: 0.4029
0.7368  0.8941
0.6147  0.6235
0.5559  0.6147
9  trn_acc: 0.7368  val_acc: 0.6147  tst_acc: 0.5559
0.7691  0.8515
0.6147  0.6353
0.5735  0.5912
10  trn_acc: 0.7691  val_acc: 0.6147  tst_acc: 0.5735
0.8382  0.9147
0.6765  0.6765
0.6412  0.6500
11  trn_acc: 0.8382  val_acc: 0.6765  tst_acc: 0.6412
0.8015  0.8897
0.6618  0.6529
0.5794  0.5794
12  trn_acc: 0.8015  val_acc: 0.6618  tst_acc: 0.5794
0.7441  0.8647
0.5853  0.5794
0.5647  0.5500
13  trn_acc: 0.7441  val_acc: 0.5853  tst_acc: 0.5647
0.8235  0.9250
0.6353  0.6382
0.6118  0.6088
14  trn_acc: 0.8235  val_acc: 0.6353  tst_acc: 0.6118
0.5985  0.7721
0.4588  0.5000
0.4471  0.4971
15  trn_acc: 0.5985  val_acc: 0.4588  tst_acc: 0.4471
0.7926  0.9324
0.5971  0.6176
0.5941  0.6147
16  trn_acc: 0.7926  val_acc: 0.5971  tst_acc: 0.5941
0.9015  0.9632
0.6676  0.6529
0.6412  0.6176
17  trn_acc: 0.9015  val_acc: 0.6676  tst_acc: 0.6412
0.7618  0.9265
0.6147  0.6471
0.5853  0.5824
18  trn_acc: 0.7618  val_acc: 0.6147  tst_acc: 0.5853
0.9485  0.9779
0.7294  0.6882
0.7147  0.6706
19  trn_acc: 0.9485  val_acc: 0.7294  tst_acc: 0.7147
0.7735  0.9235
0.4971  0.6029
0.5000  0.5500
20  trn_acc: 0.7735  val_acc: 0.4971  tst_acc: 0.5000
0.9632  0.9941
0.7088  0.6824
0.6882  0.6882
21  trn_acc: 0.9632  val_acc: 0.7088  tst_acc: 0.6882
0.8456  0.9044
0.5588  0.6088
0.5647  0.5912
22  trn_acc: 0.8456  val_acc: 0.5588  tst_acc: 0.5647
0.9676  0.9868
0.6765  0.6676
0.6794  0.6500
23  trn_acc: 0.9676  val_acc: 0.6765  tst_acc: 0.6794
0.9897  0.9985
0.7294  0.6794
0.7176  0.6941
24  trn_acc: 0.9897  val_acc: 0.7294  tst_acc: 0.7176
0.9618  0.9941
0.6588  0.6706
0.7059  0.6588
25  trn_acc: 0.9618  val_acc: 0.6588  tst_acc: 0.7059
0.8426  0.9529
0.5706  0.6235
0.5824  0.5588
26  trn_acc: 0.8426  val_acc: 0.5706  tst_acc: 0.5824
0.9559  0.9824
0.6853  0.6941
0.6735  0.6559
27  trn_acc: 0.9559  val_acc: 0.6853  tst_acc: 0.6735
0.9456  0.9750
0.6176  0.6324
0.6353  0.6147
28  trn_acc: 0.9456  val_acc: 0.6176  tst_acc: 0.6353
0.9574  0.9926
0.6235  0.6735
0.6324  0.6265
29  trn_acc: 0.9574  val_acc: 0.6235  tst_acc: 0.6324
0.9779  0.9912
0.6676  0.6618
0.6412  0.6382
30  trn_acc: 0.9779  val_acc: 0.6676  tst_acc: 0.6412
0.9618  0.9912
0.6824  0.7029
0.6941  0.7029
31  trn_acc: 0.9618  val_acc: 0.6824  tst_acc: 0.6941
0.9956  0.9985
0.7382  0.7000
0.7235  0.7265
32  trn_acc: 0.9956  val_acc: 0.7382  tst_acc: 0.7235
0.9235  0.9971
0.6206  0.6706
0.6176  0.6765
33  trn_acc: 0.9235  val_acc: 0.6206  tst_acc: 0.6176
0.9971  0.9985
0.7382  0.7294
0.7500  0.7088
34  trn_acc: 0.9971  val_acc: 0.7382  tst_acc: 0.7500
0.9868  0.9956
0.7206  0.7118
0.6941  0.6971
35  trn_acc: 0.9868  val_acc: 0.7206  tst_acc: 0.6941
0.9662  0.9868
0.6971  0.6706
0.7059  0.6912
36  trn_acc: 0.9662  val_acc: 0.6971  tst_acc: 0.7059
0.9912  0.9985
0.7088  0.6941
0.7088  0.7000
37  trn_acc: 0.9912  val_acc: 0.7088  tst_acc: 0.7088
0.9897  1.0000
0.7176  0.7176
0.6971  0.6941
38  trn_acc: 0.9897  val_acc: 0.7176  tst_acc: 0.6971
1.0000  1.0000
0.7471  0.7029
0.7294  0.7118
39  trn_acc: 1.0000  val_acc: 0.7471  tst_acc: 0.7294
0.9485  0.9956
0.6471  0.6500
0.6794  0.6824
40  trn_acc: 0.9485  val_acc: 0.6471  tst_acc: 0.6794
1.0000  1.0000
0.6882  0.7088
0.7265  0.7176
41  trn_acc: 1.0000  val_acc: 0.6882  tst_acc: 0.7265
0.9971  1.0000
0.7353  0.7059
0.7324  0.6941
42  trn_acc: 0.9971  val_acc: 0.7353  tst_acc: 0.7324
0.9750  0.9912
0.7147  0.6941
0.7029  0.6941
43  trn_acc: 0.9750  val_acc: 0.7147  tst_acc: 0.7029
0.9956  1.0000
0.7029  0.6882
0.6971  0.6882
44  trn_acc: 0.9956  val_acc: 0.7029  tst_acc: 0.6971
0.9912  0.9824
0.6647  0.6235
0.6735  0.6118
45  trn_acc: 0.9912  val_acc: 0.6647  tst_acc: 0.6735
0.9765  0.9809
0.6471  0.6559
0.6471  0.6176
46  trn_acc: 0.9765  val_acc: 0.6471  tst_acc: 0.6471
0.9868  0.9971
0.6647  0.6353
0.6706  0.6353
47  trn_acc: 0.9868  val_acc: 0.6647  tst_acc: 0.6706
0.9868  0.9985
0.7294  0.6971
0.7235  0.7029
48  trn_acc: 0.9868  val_acc: 0.7294  tst_acc: 0.7235
1.0000  1.0000
0.7500  0.6971
0.7500  0.6853
49  trn_acc: 1.0000  val_acc: 0.7500  tst_acc: 0.7500
0.9824  0.9985
0.6706  0.7059
0.6412  0.6529
50  trn_acc: 0.9824  val_acc: 0.6706  tst_acc: 0.6412
0.9985  1.0000
0.7382  0.7118
0.7059  0.6882
51  trn_acc: 0.9985  val_acc: 0.7382  tst_acc: 0.7059
0.9809  0.9985
0.7235  0.6853
0.7029  0.7029
52  trn_acc: 0.9809  val_acc: 0.7235  tst_acc: 0.7029
1.0000  1.0000
0.7647  0.7529
0.7412  0.7088
53  trn_acc: 1.0000  val_acc: 0.7647  tst_acc: 0.7412
0.9971  1.0000
0.7265  0.7118
0.7088  0.6941
54  trn_acc: 0.9971  val_acc: 0.7265  tst_acc: 0.7088
0.9765  0.9956
0.6912  0.6647
0.6912  0.6853
55  trn_acc: 0.9765  val_acc: 0.6912  tst_acc: 0.6912
0.9735  0.9824
0.6500  0.6206
0.6471  0.6265
56  trn_acc: 0.9735  val_acc: 0.6500  tst_acc: 0.6471
0.9882  0.9985
0.6941  0.7000
0.7324  0.7059
57  trn_acc: 0.9882  val_acc: 0.6941  tst_acc: 0.7324
1.0000  1.0000
0.7294  0.7206
0.7265  0.6824
58  trn_acc: 1.0000  val_acc: 0.7294  tst_acc: 0.7265
0.9971  0.9985
0.7000  0.7000
0.7382  0.7000
59  trn_acc: 0.9971  val_acc: 0.7000  tst_acc: 0.7382
1.0000  1.0000
0.7382  0.7029
0.7412  0.7000
60  trn_acc: 1.0000  val_acc: 0.7382  tst_acc: 0.7412
0.9985  1.0000
0.7206  0.6941
0.7324  0.6794
61  trn_acc: 0.9985  val_acc: 0.7206  tst_acc: 0.7324
1.0000  1.0000
0.7382  0.7235
0.7118  0.7088
62  trn_acc: 1.0000  val_acc: 0.7382  tst_acc: 0.7118
1.0000  1.0000
0.7588  0.7147
0.7500  0.6912
63  trn_acc: 1.0000  val_acc: 0.7588  tst_acc: 0.7500
0.9750  0.9971
0.6559  0.6706
0.6706  0.6471
64  trn_acc: 0.9750  val_acc: 0.6559  tst_acc: 0.6706
1.0000  0.9985
0.6971  0.6824
0.7176  0.6971
65  trn_acc: 1.0000  val_acc: 0.6971  tst_acc: 0.7176
1.0000  1.0000
0.7618  0.7471
0.7471  0.7206
66  trn_acc: 1.0000  val_acc: 0.7618  tst_acc: 0.7471
0.9809  0.9985
0.6647  0.6912
0.6559  0.6647
67  trn_acc: 0.9809  val_acc: 0.6647  tst_acc: 0.6559
1.0000  1.0000
0.7118  0.6882
0.7471  0.6971
68  trn_acc: 1.0000  val_acc: 0.7118  tst_acc: 0.7471
0.9956  0.9985
0.6912  0.6706
0.7176  0.6853
69  trn_acc: 0.9956  val_acc: 0.6912  tst_acc: 0.7176
0.9971  1.0000
0.6882  0.6912
0.7324  0.6765
70  trn_acc: 0.9971  val_acc: 0.6882  tst_acc: 0.7324
0.9706  0.9985
0.6735  0.6676
0.6588  0.6559
71  trn_acc: 0.9706  val_acc: 0.6735  tst_acc: 0.6588
0.9868  0.9971
0.7382  0.7265
0.7118  0.6676
72  trn_acc: 0.9868  val_acc: 0.7382  tst_acc: 0.7118
0.9985  1.0000
0.7235  0.7029
0.7353  0.6941
73  trn_acc: 0.9985  val_acc: 0.7235  tst_acc: 0.7353
1.0000  1.0000
0.6941  0.7206
0.6971  0.6971
74  trn_acc: 1.0000  val_acc: 0.6941  tst_acc: 0.6971
0.9971  1.0000
0.7206  0.7382
0.7412  0.7029
75  trn_acc: 0.9971  val_acc: 0.7206  tst_acc: 0.7412
0.9618  0.9632
0.6824  0.6500
0.6235  0.5735
76  trn_acc: 0.9618  val_acc: 0.6824  tst_acc: 0.6235
1.0000  0.9985
0.7441  0.7088
0.7324  0.6941
77  trn_acc: 1.0000  val_acc: 0.7441  tst_acc: 0.7324
1.0000  1.0000
0.7412  0.7147
0.7412  0.7088
78  trn_acc: 1.0000  val_acc: 0.7412  tst_acc: 0.7412
1.0000  1.0000
0.7147  0.6941
0.7265  0.6735
79  trn_acc: 1.0000  val_acc: 0.7147  tst_acc: 0.7265
1.0000  1.0000
0.7382  0.7118
0.7706  0.7235
80  trn_acc: 1.0000  val_acc: 0.7382  tst_acc: 0.7706
1.0000  1.0000
0.7206  0.7147
0.7676  0.7029
81  trn_acc: 1.0000  val_acc: 0.7206  tst_acc: 0.7676
0.9853  0.9941
0.6853  0.6941
0.6912  0.6529
82  trn_acc: 0.9853  val_acc: 0.6853  tst_acc: 0.6912
1.0000  0.9985
0.7912  0.7265
0.7471  0.7118
83  trn_acc: 1.0000  val_acc: 0.7912  tst_acc: 0.7471
1.0000  1.0000
0.7471  0.7029
0.7441  0.7029
84  trn_acc: 1.0000  val_acc: 0.7471  tst_acc: 0.7441
0.9971  1.0000
0.6912  0.7029
0.7000  0.6941
85  trn_acc: 0.9971  val_acc: 0.6912  tst_acc: 0.7000
0.9971  1.0000
0.7618  0.7559
0.7618  0.7059
86  trn_acc: 0.9971  val_acc: 0.7618  tst_acc: 0.7618
1.0000  1.0000
0.7588  0.7265
0.7500  0.7000
87  trn_acc: 1.0000  val_acc: 0.7588  tst_acc: 0.7500
0.9941  0.9971
0.7353  0.7000
0.7529  0.6941
88  trn_acc: 0.9941  val_acc: 0.7353  tst_acc: 0.7529
0.9985  1.0000
0.7706  0.7382
0.7588  0.6971
89  trn_acc: 0.9985  val_acc: 0.7706  tst_acc: 0.7588
1.0000  1.0000
0.7647  0.7353
0.7735  0.7029
90  trn_acc: 1.0000  val_acc: 0.7647  tst_acc: 0.7735
1.0000  1.0000
0.7765  0.7324
0.7559  0.7029
91  trn_acc: 1.0000  val_acc: 0.7765  tst_acc: 0.7559
1.0000  1.0000
0.7765  0.7265
0.7794  0.7088
92  trn_acc: 1.0000  val_acc: 0.7765  tst_acc: 0.7794
1.0000  1.0000
0.7529  0.7324
0.7382  0.7088
93  trn_acc: 1.0000  val_acc: 0.7529  tst_acc: 0.7382
0.9941  1.0000
0.7500  0.7529
0.7294  0.6882
94  trn_acc: 0.9941  val_acc: 0.7500  tst_acc: 0.7294
1.0000  1.0000
0.7471  0.7324
0.7382  0.6882
95  trn_acc: 1.0000  val_acc: 0.7471  tst_acc: 0.7382
1.0000  1.0000
0.7588  0.7412
0.7500  0.6912
96  trn_acc: 1.0000  val_acc: 0.7588  tst_acc: 0.7500
1.0000  1.0000
0.7765  0.7471
0.7382  0.7059
97  trn_acc: 1.0000  val_acc: 0.7765  tst_acc: 0.7382
1.0000  1.0000
0.7529  0.7059
0.7794  0.7235
98  trn_acc: 1.0000  val_acc: 0.7529  tst_acc: 0.7794
0.9985  1.0000
0.7206  0.6912
0.7059  0.6647
99  trn_acc: 0.9985  val_acc: 0.7206  tst_acc: 0.7059
0.9912  0.9941
0.6853  0.6941
0.6824  0.6618
100  trn_acc: 0.9912  val_acc: 0.6853  tst_acc: 0.6824
1.0000  1.0000
0.7529  0.7294
0.7647  0.7147
101  trn_acc: 1.0000  val_acc: 0.7529  tst_acc: 0.7647
1.0000  1.0000
0.7294  0.7294
0.7265  0.6765
102  trn_acc: 1.0000  val_acc: 0.7294  tst_acc: 0.7265
1.0000  1.0000
0.7647  0.7382
0.7294  0.7059
103  trn_acc: 1.0000  val_acc: 0.7647  tst_acc: 0.7294
1.0000  1.0000
0.7706  0.7559
0.7647  0.7147
104  trn_acc: 1.0000  val_acc: 0.7706  tst_acc: 0.7647
1.0000  1.0000
0.7500  0.7265
0.7559  0.7265
105  trn_acc: 1.0000  val_acc: 0.7500  tst_acc: 0.7559
0.9985  1.0000
0.7588  0.7206
0.7647  0.7235
106  trn_acc: 0.9985  val_acc: 0.7588  tst_acc: 0.7647
1.0000  1.0000
0.7265  0.7353
0.7235  0.7147
107  trn_acc: 1.0000  val_acc: 0.7265  tst_acc: 0.7235
1.0000  1.0000
0.7559  0.7294
0.7235  0.7176
108  trn_acc: 1.0000  val_acc: 0.7559  tst_acc: 0.7235
1.0000  1.0000
0.7500  0.7206
0.7382  0.7147
109  trn_acc: 1.0000  val_acc: 0.7500  tst_acc: 0.7382
0.9926  0.9971
0.7029  0.7059
0.7206  0.6794
110  trn_acc: 0.9926  val_acc: 0.7029  tst_acc: 0.7206
1.0000  1.0000
0.7118  0.7206
0.7176  0.6971
111  trn_acc: 1.0000  val_acc: 0.7118  tst_acc: 0.7176
1.0000  1.0000
0.7382  0.7059
0.7735  0.7059
112  trn_acc: 1.0000  val_acc: 0.7382  tst_acc: 0.7735
1.0000  1.0000
0.7500  0.7265
0.7706  0.7235
113  trn_acc: 1.0000  val_acc: 0.7500  tst_acc: 0.7706
1.0000  1.0000
0.7618  0.7088
0.7471  0.7176
114  trn_acc: 1.0000  val_acc: 0.7618  tst_acc: 0.7471
0.9956  0.9985
0.7382  0.7118
0.7206  0.7059
115  trn_acc: 0.9956  val_acc: 0.7382  tst_acc: 0.7206
1.0000  1.0000
0.7676  0.7471
0.7618  0.7265
116  trn_acc: 1.0000  val_acc: 0.7676  tst_acc: 0.7618
0.9941  1.0000
0.7029  0.6971
0.6912  0.6941
117  trn_acc: 0.9941  val_acc: 0.7029  tst_acc: 0.6912
0.9941  0.9985
0.7382  0.7176
0.7147  0.6941
118  trn_acc: 0.9941  val_acc: 0.7382  tst_acc: 0.7147
1.0000  1.0000
0.7588  0.7529
0.7235  0.7029
119  trn_acc: 1.0000  val_acc: 0.7588  tst_acc: 0.7235
1.0000  1.0000
0.7588  0.7441
0.7471  0.7147
120  trn_acc: 1.0000  val_acc: 0.7588  tst_acc: 0.7471
1.0000  1.0000
0.7882  0.7441
0.7647  0.7235
121  trn_acc: 1.0000  val_acc: 0.7882  tst_acc: 0.7647
0.9956  1.0000
0.7088  0.6882
0.6765  0.6529
122  trn_acc: 0.9956  val_acc: 0.7088  tst_acc: 0.6765
1.0000  1.0000
0.7618  0.7324
0.7735  0.7206
123  trn_acc: 1.0000  val_acc: 0.7618  tst_acc: 0.7735
1.0000  1.0000
0.7382  0.7118
0.7382  0.6588
124  trn_acc: 1.0000  val_acc: 0.7382  tst_acc: 0.7382
0.9985  1.0000
0.7265  0.7029
0.7294  0.6618
125  trn_acc: 0.9985  val_acc: 0.7265  tst_acc: 0.7294
1.0000  1.0000
0.7559  0.7029
0.7382  0.7118
126  trn_acc: 1.0000  val_acc: 0.7559  tst_acc: 0.7382
1.0000  1.0000
0.7706  0.7294
0.7735  0.7118
127  trn_acc: 1.0000  val_acc: 0.7706  tst_acc: 0.7735
1.0000  1.0000
0.7853  0.7559
0.7706  0.7206
128  trn_acc: 1.0000  val_acc: 0.7853  tst_acc: 0.7706
1.0000  1.0000
0.7471  0.7235
0.7588  0.7088
129  trn_acc: 1.0000  val_acc: 0.7471  tst_acc: 0.7588
1.0000  1.0000
0.7441  0.7412
0.7265  0.7000
130  trn_acc: 1.0000  val_acc: 0.7441  tst_acc: 0.7265
1.0000  1.0000
0.7441  0.7324
0.7324  0.7118
131  trn_acc: 1.0000  val_acc: 0.7441  tst_acc: 0.7324
1.0000  1.0000
0.7471  0.7412
0.7441  0.7206
132  trn_acc: 1.0000  val_acc: 0.7471  tst_acc: 0.7441
1.0000  1.0000
0.7618  0.7235
0.7412  0.7088
133  trn_acc: 1.0000  val_acc: 0.7618  tst_acc: 0.7412
1.0000  1.0000
0.7412  0.7382
0.7088  0.7324
134  trn_acc: 1.0000  val_acc: 0.7412  tst_acc: 0.7088
0.9971  1.0000
0.7471  0.7235
0.7382  0.7000
135  trn_acc: 0.9971  val_acc: 0.7471  tst_acc: 0.7382
1.0000  0.9985
0.7029  0.7235
0.7353  0.6941
136  trn_acc: 1.0000  val_acc: 0.7029  tst_acc: 0.7353
1.0000  1.0000
0.7412  0.7294
0.7618  0.7206
137  trn_acc: 1.0000  val_acc: 0.7412  tst_acc: 0.7618
1.0000  1.0000
0.7559  0.7353
0.7500  0.7088
138  trn_acc: 1.0000  val_acc: 0.7559  tst_acc: 0.7500
0.9868  1.0000
0.6618  0.6706
0.6647  0.6441
139  trn_acc: 0.9868  val_acc: 0.6618  tst_acc: 0.6647
1.0000  1.0000
0.7588  0.7324
0.7618  0.7059
140  trn_acc: 1.0000  val_acc: 0.7588  tst_acc: 0.7618
1.0000  1.0000
0.7618  0.7382
0.7441  0.7088
141  trn_acc: 1.0000  val_acc: 0.7618  tst_acc: 0.7441
1.0000  1.0000
0.7912  0.7559
0.7588  0.7382
142  trn_acc: 1.0000  val_acc: 0.7912  tst_acc: 0.7588
0.9985  1.0000
0.6882  0.6971
0.6941  0.6588
143  trn_acc: 0.9985  val_acc: 0.6882  tst_acc: 0.6941
1.0000  1.0000
0.7588  0.7147
0.7353  0.6824
144  trn_acc: 1.0000  val_acc: 0.7588  tst_acc: 0.7353
1.0000  1.0000
0.7912  0.7441
0.7441  0.7147
145  trn_acc: 1.0000  val_acc: 0.7912  tst_acc: 0.7441
0.9985  1.0000
0.7529  0.7206
0.6912  0.6853
146  trn_acc: 0.9985  val_acc: 0.7529  tst_acc: 0.6912
1.0000  1.0000
0.7706  0.7559
0.7471  0.7176
147  trn_acc: 1.0000  val_acc: 0.7706  tst_acc: 0.7471
1.0000  1.0000
0.7941  0.7441
0.7853  0.7206
148  trn_acc: 1.0000  val_acc: 0.7941  tst_acc: 0.7853
1.0000  1.0000
0.7853  0.7588
0.7735  0.7147
149  trn_acc: 1.0000  val_acc: 0.7853  tst_acc: 0.7735
1.0000  1.0000
0.7824  0.7529
0.8147  0.7382
150  trn_acc: 1.0000  val_acc: 0.7824  tst_acc: 0.8147
1.0000  1.0000
0.7794  0.7324
0.7382  0.6882
151  trn_acc: 1.0000  val_acc: 0.7794  tst_acc: 0.7382
1.0000  1.0000
0.7941  0.7441
0.7471  0.7176
152  trn_acc: 1.0000  val_acc: 0.7941  tst_acc: 0.7471
1.0000  1.0000
0.7882  0.7471
0.7441  0.7059
153  trn_acc: 1.0000  val_acc: 0.7882  tst_acc: 0.7441
1.0000  1.0000
0.7559  0.7294
0.7647  0.7029
154  trn_acc: 1.0000  val_acc: 0.7559  tst_acc: 0.7647
1.0000  1.0000
0.7676  0.7412
0.7441  0.7294
155  trn_acc: 1.0000  val_acc: 0.7676  tst_acc: 0.7441
1.0000  1.0000
0.7500  0.7412
0.7176  0.6735
156  trn_acc: 1.0000  val_acc: 0.7500  tst_acc: 0.7176
1.0000  1.0000
0.7618  0.7353
0.7382  0.6941
157  trn_acc: 1.0000  val_acc: 0.7618  tst_acc: 0.7382
1.0000  1.0000
0.7794  0.7206
0.7441  0.6971
158  trn_acc: 1.0000  val_acc: 0.7794  tst_acc: 0.7441
1.0000  0.9985
0.7353  0.7206
0.7353  0.6941
159  trn_acc: 1.0000  val_acc: 0.7353  tst_acc: 0.7353
0.9985  1.0000
0.7235  0.7294
0.7147  0.6853
160  trn_acc: 0.9985  val_acc: 0.7235  tst_acc: 0.7147
1.0000  1.0000
0.7500  0.7206
0.7500  0.6706
161  trn_acc: 1.0000  val_acc: 0.7500  tst_acc: 0.7500
1.0000  1.0000
0.7324  0.7235
0.7529  0.7059
162  trn_acc: 1.0000  val_acc: 0.7324  tst_acc: 0.7529
1.0000  1.0000
0.7353  0.7088
0.7059  0.6618
163  trn_acc: 1.0000  val_acc: 0.7353  tst_acc: 0.7059
1.0000  0.9985
0.7265  0.6882
0.7206  0.6735
164  trn_acc: 1.0000  val_acc: 0.7265  tst_acc: 0.7206
1.0000  1.0000
0.7588  0.7235
0.7235  0.7118
165  trn_acc: 1.0000  val_acc: 0.7588  tst_acc: 0.7235
1.0000  1.0000
0.7382  0.7235
0.7382  0.7000
166  trn_acc: 1.0000  val_acc: 0.7382  tst_acc: 0.7382
1.0000  1.0000
0.7412  0.7265
0.7471  0.7147
167  trn_acc: 1.0000  val_acc: 0.7412  tst_acc: 0.7471
1.0000  1.0000
0.7500  0.7147
0.7353  0.7029
168  trn_acc: 1.0000  val_acc: 0.7500  tst_acc: 0.7353
1.0000  1.0000
0.7588  0.7324
0.7353  0.7029
169  trn_acc: 1.0000  val_acc: 0.7588  tst_acc: 0.7353
1.0000  1.0000
0.7324  0.7059
0.7412  0.7176
170  trn_acc: 1.0000  val_acc: 0.7324  tst_acc: 0.7412
1.0000  1.0000
0.7559  0.7353
0.7559  0.7088
171  trn_acc: 1.0000  val_acc: 0.7559  tst_acc: 0.7559
1.0000  1.0000
0.7647  0.7353
0.7706  0.7235
172  trn_acc: 1.0000  val_acc: 0.7647  tst_acc: 0.7706
1.0000  1.0000
0.7824  0.7265
0.7647  0.7235
173  trn_acc: 1.0000  val_acc: 0.7824  tst_acc: 0.7647
1.0000  0.9985
0.7765  0.7176
0.7588  0.6971
174  trn_acc: 1.0000  val_acc: 0.7765  tst_acc: 0.7588
0.9985  1.0000
0.7265  0.7206
0.7147  0.7118
175  trn_acc: 0.9985  val_acc: 0.7265  tst_acc: 0.7147
1.0000  1.0000
0.7441  0.7176
0.7618  0.7235
176  trn_acc: 1.0000  val_acc: 0.7441  tst_acc: 0.7618
1.0000  1.0000
0.7647  0.7235
0.7971  0.7088
177  trn_acc: 1.0000  val_acc: 0.7647  tst_acc: 0.7971
1.0000  1.0000
0.7588  0.7353
0.7441  0.6941
178  trn_acc: 1.0000  val_acc: 0.7588  tst_acc: 0.7441
1.0000  1.0000
0.7588  0.7235
0.7882  0.7235
179  trn_acc: 1.0000  val_acc: 0.7588  tst_acc: 0.7882
1.0000  1.0000
0.7794  0.7382
0.7735  0.7353
180  trn_acc: 1.0000  val_acc: 0.7794  tst_acc: 0.7735
148 0.7853 0.7941 1.0000 1.0000





getGoogleNet_v3_bnall

Doing: 3
(?, 147, 147, 64)
(?, 73, 73, 64)
(?, 71, 71, 192)
(?, 35, 35, 192)
(?, 35, 35, 256)
(?, 35, 35, 288)
(?, 17, 17, 768)
(?, 17, 17, 768)
(?, 17, 17, 768)
(?, 17, 17, 768)
(?, 17)
(?, 8, 8, 1280)
(?, 8, 8, 2048)
(?, 1, 1, 2048)
(?, 17)
0.0588  0.0588
0.0588  0.0588
0.0588  0.0588
1  trn_acc: 0.0588  val_acc: 0.0588  tst_acc: 0.0588
0.1309  0.1191
0.1559  0.1176
0.1382  0.1206
2  trn_acc: 0.1309  val_acc: 0.1559  tst_acc: 0.1382
0.1765  0.2059
0.1529  0.1941
0.1706  0.2029
3  trn_acc: 0.1765  val_acc: 0.1529  tst_acc: 0.1706
0.3132  0.4941
0.2765  0.4471
0.2794  0.4206
4  trn_acc: 0.3132  val_acc: 0.2765  tst_acc: 0.2794
0.3500  0.5000
0.3029  0.4147
0.3441  0.4265
5  trn_acc: 0.3500  val_acc: 0.3029  tst_acc: 0.3441
0.3853  0.4882
0.3500  0.3912
0.3529  0.3824
6  trn_acc: 0.3853  val_acc: 0.3500  tst_acc: 0.3529
0.5265  0.6412
0.4882  0.5176
0.4794  0.5294
7  trn_acc: 0.5265  val_acc: 0.4882  tst_acc: 0.4794
0.6412  0.7353
0.5588  0.5412
0.5618  0.5794
8  trn_acc: 0.6412  val_acc: 0.5588  tst_acc: 0.5618
0.5838  0.7206
0.4941  0.5706
0.4912  0.5529
9  trn_acc: 0.5838  val_acc: 0.4941  tst_acc: 0.4912
0.6824  0.8382
0.5265  0.6147
0.5441  0.6235
10  trn_acc: 0.6824  val_acc: 0.5265  tst_acc: 0.5441
0.5324  0.7515
0.4706  0.5500
0.4676  0.5588
11  trn_acc: 0.5324  val_acc: 0.4706  tst_acc: 0.4676
0.6544  0.7765
0.5382  0.5324
0.4882  0.5265
12  trn_acc: 0.6544  val_acc: 0.5382  tst_acc: 0.4882
0.7574  0.8868
0.6118  0.6382
0.5853  0.6176
13  trn_acc: 0.7574  val_acc: 0.6118  tst_acc: 0.5853
0.7912  0.8853
0.6176  0.6176
0.6559  0.6324
14  trn_acc: 0.7912  val_acc: 0.6176  tst_acc: 0.6559
0.6868  0.8500
0.5441  0.5676
0.5235  0.5735
15  trn_acc: 0.6868  val_acc: 0.5441  tst_acc: 0.5235
0.8250  0.9029
0.6441  0.6618
0.6471  0.6176
16  trn_acc: 0.8250  val_acc: 0.6441  tst_acc: 0.6471
0.8426  0.9529
0.6824  0.6824
0.6471  0.6618
17  trn_acc: 0.8426  val_acc: 0.6824  tst_acc: 0.6471
0.8603  0.9559
0.6824  0.6676
0.6824  0.6912
18  trn_acc: 0.8603  val_acc: 0.6824  tst_acc: 0.6824
0.8471  0.9779
0.6559  0.6941
0.6588  0.7118
19  trn_acc: 0.8471  val_acc: 0.6559  tst_acc: 0.6588
0.8074  0.8824
0.6529  0.6324
0.6059  0.6235
20  trn_acc: 0.8074  val_acc: 0.6529  tst_acc: 0.6059
0.9368  0.9926
0.7059  0.7029
0.7088  0.6971
21  trn_acc: 0.9368  val_acc: 0.7059  tst_acc: 0.7088
0.9544  0.9882
0.7000  0.7059
0.7029  0.7412
22  trn_acc: 0.9544  val_acc: 0.7000  tst_acc: 0.7029
0.9500  0.9971
0.7206  0.7206
0.6971  0.7235
23  trn_acc: 0.9500  val_acc: 0.7206  tst_acc: 0.6971
0.9618  0.9926
0.7265  0.7118
0.7353  0.7412
24  trn_acc: 0.9618  val_acc: 0.7265  tst_acc: 0.7353
0.9426  0.9838
0.6618  0.6735
0.6882  0.6882
25  trn_acc: 0.9426  val_acc: 0.6618  tst_acc: 0.6882
0.9838  1.0000
0.7294  0.7118
0.7676  0.7294
26  trn_acc: 0.9838  val_acc: 0.7294  tst_acc: 0.7676
0.9809  0.9941
0.7088  0.7029
0.7471  0.7294
27  trn_acc: 0.9809  val_acc: 0.7088  tst_acc: 0.7471
0.9397  0.9897
0.6647  0.6765
0.6882  0.7235
28  trn_acc: 0.9397  val_acc: 0.6647  tst_acc: 0.6882
0.9838  0.9956
0.7500  0.6941
0.7294  0.7206
29  trn_acc: 0.9838  val_acc: 0.7500  tst_acc: 0.7294
0.8838  0.9794
0.6294  0.6588
0.6206  0.6853
30  trn_acc: 0.8838  val_acc: 0.6294  tst_acc: 0.6206
0.9735  0.9779
0.7618  0.7059
0.7265  0.6971
31  trn_acc: 0.9735  val_acc: 0.7618  tst_acc: 0.7265
0.9868  0.9971
0.7529  0.7206
0.7382  0.7353
32  trn_acc: 0.9868  val_acc: 0.7529  tst_acc: 0.7382
0.9676  0.9971
0.7441  0.7294
0.7000  0.7147
33  trn_acc: 0.9676  val_acc: 0.7441  tst_acc: 0.7000
0.9956  0.9956
0.7676  0.7265
0.7706  0.7441
34  trn_acc: 0.9956  val_acc: 0.7676  tst_acc: 0.7706
0.9397  0.9838
0.7235  0.7176
0.7206  0.7235
35  trn_acc: 0.9397  val_acc: 0.7235  tst_acc: 0.7206
0.9632  0.9882
0.7206  0.7029
0.7118  0.7000
36  trn_acc: 0.9632  val_acc: 0.7206  tst_acc: 0.7118
0.9868  0.9985
0.7618  0.7118
0.7853  0.7441
37  trn_acc: 0.9868  val_acc: 0.7618  tst_acc: 0.7853
0.9809  0.9956
0.7441  0.7382
0.7441  0.7294
38  trn_acc: 0.9809  val_acc: 0.7441  tst_acc: 0.7441
0.9765  0.9956
0.7265  0.7206
0.7176  0.7176
39  trn_acc: 0.9765  val_acc: 0.7265  tst_acc: 0.7176
0.9941  0.9971
0.7647  0.7500
0.7735  0.7382
40  trn_acc: 0.9941  val_acc: 0.7647  tst_acc: 0.7735
0.9853  0.9926
0.7441  0.7029
0.7441  0.6882
41  trn_acc: 0.9853  val_acc: 0.7441  tst_acc: 0.7441
0.9985  1.0000
0.7588  0.7559
0.7471  0.7559
42  trn_acc: 0.9985  val_acc: 0.7588  tst_acc: 0.7471
0.9603  0.9897
0.6882  0.7029
0.7059  0.7147
43  trn_acc: 0.9603  val_acc: 0.6882  tst_acc: 0.7059
0.9956  0.9985
0.7706  0.7412
0.7588  0.7294
44  trn_acc: 0.9956  val_acc: 0.7706  tst_acc: 0.7588
0.9794  0.9926
0.6971  0.6941
0.6971  0.7147
45  trn_acc: 0.9794  val_acc: 0.6971  tst_acc: 0.6971
1.0000  1.0000
0.7824  0.7588
0.7882  0.7559
46  trn_acc: 1.0000  val_acc: 0.7824  tst_acc: 0.7882
0.9853  0.9985
0.7441  0.7059
0.7206  0.7176
47  trn_acc: 0.9853  val_acc: 0.7441  tst_acc: 0.7206
0.9985  0.9985
0.7471  0.7353
0.7382  0.7412
48  trn_acc: 0.9985  val_acc: 0.7471  tst_acc: 0.7382
0.9985  1.0000
0.7882  0.7324
0.7824  0.7441
49  trn_acc: 0.9985  val_acc: 0.7882  tst_acc: 0.7824
0.9897  0.9956
0.7500  0.7382
0.7735  0.7206
50  trn_acc: 0.9897  val_acc: 0.7500  tst_acc: 0.7735
1.0000  1.0000
0.7441  0.7176
0.7824  0.7706
51  trn_acc: 1.0000  val_acc: 0.7441  tst_acc: 0.7824
0.9500  0.9941
0.6676  0.6971
0.7059  0.7353
52  trn_acc: 0.9500  val_acc: 0.6676  tst_acc: 0.7059
0.9912  0.9971
0.7412  0.7118
0.7382  0.7235
53  trn_acc: 0.9912  val_acc: 0.7412  tst_acc: 0.7382
0.9912  1.0000
0.7176  0.7059
0.7500  0.7441
54  trn_acc: 0.9912  val_acc: 0.7176  tst_acc: 0.7500
0.9912  0.9926
0.7706  0.7382
0.7941  0.7324
55  trn_acc: 0.9912  val_acc: 0.7706  tst_acc: 0.7941
0.9956  1.0000
0.7353  0.7147
0.7794  0.7559
56  trn_acc: 0.9956  val_acc: 0.7353  tst_acc: 0.7794
0.9824  0.9956
0.7265  0.7206
0.7324  0.7588
57  trn_acc: 0.9824  val_acc: 0.7265  tst_acc: 0.7324
0.9735  1.0000
0.7147  0.7324
0.7765  0.7441
58  trn_acc: 0.9735  val_acc: 0.7147  tst_acc: 0.7765
1.0000  1.0000
0.7676  0.7176
0.7559  0.7500
59  trn_acc: 1.0000  val_acc: 0.7676  tst_acc: 0.7559
1.0000  1.0000
0.7882  0.7559
0.7676  0.7647
60  trn_acc: 1.0000  val_acc: 0.7882  tst_acc: 0.7676
1.0000  1.0000
0.7765  0.7706
0.7971  0.7853
61  trn_acc: 1.0000  val_acc: 0.7765  tst_acc: 0.7971
0.9985  1.0000
0.7529  0.7176
0.7824  0.7382
62  trn_acc: 0.9985  val_acc: 0.7529  tst_acc: 0.7824
0.9647  0.9971
0.7176  0.7353
0.7147  0.7676
63  trn_acc: 0.9647  val_acc: 0.7176  tst_acc: 0.7147
0.9985  1.0000
0.7824  0.7588
0.8059  0.7676
64  trn_acc: 0.9985  val_acc: 0.7824  tst_acc: 0.8059
0.9897  0.9971
0.7412  0.7529
0.7618  0.7588
65  trn_acc: 0.9897  val_acc: 0.7412  tst_acc: 0.7618
1.0000  1.0000
0.8088  0.7588
0.8118  0.7765
66  trn_acc: 1.0000  val_acc: 0.8088  tst_acc: 0.8118
0.9765  0.9956
0.7147  0.7000
0.7118  0.6500
67  trn_acc: 0.9765  val_acc: 0.7147  tst_acc: 0.7118
1.0000  0.9985
0.7382  0.7412
0.7853  0.7618
68  trn_acc: 1.0000  val_acc: 0.7382  tst_acc: 0.7853
1.0000  1.0000
0.7912  0.7353
0.7912  0.7676
69  trn_acc: 1.0000  val_acc: 0.7912  tst_acc: 0.7912
0.9926  0.9985
0.7824  0.7588
0.7882  0.7500
70  trn_acc: 0.9926  val_acc: 0.7824  tst_acc: 0.7882
1.0000  0.9985
0.7941  0.7676
0.8176  0.7735
71  trn_acc: 1.0000  val_acc: 0.7941  tst_acc: 0.8176
0.9956  0.9985
0.7500  0.7412
0.7735  0.7735
72  trn_acc: 0.9956  val_acc: 0.7500  tst_acc: 0.7735
0.9912  1.0000
0.7647  0.7353
0.7471  0.7588
73  trn_acc: 0.9912  val_acc: 0.7647  tst_acc: 0.7471
1.0000  1.0000
0.7853  0.7559
0.8118  0.8059
74  trn_acc: 1.0000  val_acc: 0.7853  tst_acc: 0.8118
0.9971  0.9985
0.7647  0.7176
0.7794  0.7676
75  trn_acc: 0.9971  val_acc: 0.7647  tst_acc: 0.7794
0.9662  0.9941
0.6676  0.7000
0.6706  0.6912
76  trn_acc: 0.9662  val_acc: 0.6676  tst_acc: 0.6706
1.0000  1.0000
0.7912  0.7441
0.7912  0.7676
77  trn_acc: 1.0000  val_acc: 0.7912  tst_acc: 0.7912
1.0000  1.0000
0.7706  0.7559
0.7941  0.7765
78  trn_acc: 1.0000  val_acc: 0.7706  tst_acc: 0.7941
0.9985  1.0000
0.8000  0.7441
0.7882  0.7765
79  trn_acc: 0.9985  val_acc: 0.8000  tst_acc: 0.7882
0.9912  1.0000
0.7382  0.7029
0.7588  0.7206
80  trn_acc: 0.9912  val_acc: 0.7382  tst_acc: 0.7588
0.9971  1.0000
0.7735  0.7294
0.7765  0.7353
81  trn_acc: 0.9971  val_acc: 0.7735  tst_acc: 0.7765
1.0000  1.0000
0.8088  0.7706
0.8235  0.7824
82  trn_acc: 1.0000  val_acc: 0.8088  tst_acc: 0.8235
1.0000  1.0000
0.7853  0.7441
0.7941  0.7588
83  trn_acc: 1.0000  val_acc: 0.7853  tst_acc: 0.7941
1.0000  1.0000
0.7765  0.7647
0.8029  0.7941
84  trn_acc: 1.0000  val_acc: 0.7765  tst_acc: 0.8029
1.0000  1.0000
0.7941  0.7559
0.8147  0.7647
85  trn_acc: 1.0000  val_acc: 0.7941  tst_acc: 0.8147
0.9985  1.0000
0.7706  0.7529
0.8059  0.7912
86  trn_acc: 0.9985  val_acc: 0.7706  tst_acc: 0.8059
1.0000  1.0000
0.7647  0.7559
0.7824  0.7588
87  trn_acc: 1.0000  val_acc: 0.7647  tst_acc: 0.7824
0.9985  0.9985
0.7882  0.7529
0.7971  0.7853
88  trn_acc: 0.9985  val_acc: 0.7882  tst_acc: 0.7971
1.0000  0.9985
0.7794  0.7500
0.7588  0.7853
89  trn_acc: 1.0000  val_acc: 0.7794  tst_acc: 0.7588
1.0000  1.0000
0.7824  0.7324
0.7853  0.7324
90  trn_acc: 1.0000  val_acc: 0.7824  tst_acc: 0.7853
1.0000  1.0000
0.7912  0.7441
0.7971  0.7765
91  trn_acc: 1.0000  val_acc: 0.7912  tst_acc: 0.7971
1.0000  1.0000
0.7941  0.7882
0.8029  0.7588
92  trn_acc: 1.0000  val_acc: 0.7941  tst_acc: 0.8029
0.9956  1.0000
0.6912  0.7147
0.7294  0.7500
93  trn_acc: 0.9956  val_acc: 0.6912  tst_acc: 0.7294
0.9971  0.9971
0.7412  0.7176
0.7735  0.7441
94  trn_acc: 0.9971  val_acc: 0.7412  tst_acc: 0.7735
1.0000  1.0000
0.7794  0.7824
0.8029  0.7794
95  trn_acc: 1.0000  val_acc: 0.7794  tst_acc: 0.8029
1.0000  1.0000
0.7676  0.7265
0.7824  0.7529
96  trn_acc: 1.0000  val_acc: 0.7676  tst_acc: 0.7824
1.0000  1.0000
0.8059  0.7676
0.8088  0.7706
97  trn_acc: 1.0000  val_acc: 0.8059  tst_acc: 0.8088
1.0000  1.0000
0.7618  0.7647
0.7971  0.7529
98  trn_acc: 1.0000  val_acc: 0.7618  tst_acc: 0.7971
1.0000  1.0000
0.7588  0.7471
0.7412  0.7529
99  trn_acc: 1.0000  val_acc: 0.7588  tst_acc: 0.7412
1.0000  1.0000
0.8029  0.7765
0.8088  0.7765
100  trn_acc: 1.0000  val_acc: 0.8029  tst_acc: 0.8088
1.0000  1.0000
0.7882  0.7559
0.7941  0.7618
101  trn_acc: 1.0000  val_acc: 0.7882  tst_acc: 0.7941
0.9985  1.0000
0.7765  0.7794
0.7853  0.7735
102  trn_acc: 0.9985  val_acc: 0.7765  tst_acc: 0.7853
1.0000  1.0000
0.8176  0.7559
0.8206  0.8000
103  trn_acc: 1.0000  val_acc: 0.8176  tst_acc: 0.8206
0.9985  1.0000
0.8029  0.7794
0.8294  0.7912
104  trn_acc: 0.9985  val_acc: 0.8029  tst_acc: 0.8294
1.0000  0.9985
0.7559  0.7735
0.7559  0.7676
105  trn_acc: 1.0000  val_acc: 0.7559  tst_acc: 0.7559
1.0000  1.0000
0.7735  0.7735
0.8118  0.7912
106  trn_acc: 1.0000  val_acc: 0.7735  tst_acc: 0.8118
1.0000  1.0000
0.7765  0.7471
0.7882  0.7735
107  trn_acc: 1.0000  val_acc: 0.7765  tst_acc: 0.7882
1.0000  1.0000
0.7618  0.7647
0.7824  0.7765
108  trn_acc: 1.0000  val_acc: 0.7618  tst_acc: 0.7824
1.0000  1.0000
0.7794  0.7441
0.7941  0.7794
109  trn_acc: 1.0000  val_acc: 0.7794  tst_acc: 0.7941
1.0000  1.0000
0.7735  0.7676
0.8029  0.7912
110  trn_acc: 1.0000  val_acc: 0.7735  tst_acc: 0.8029
1.0000  1.0000
0.7618  0.7618
0.7471  0.7676
111  trn_acc: 1.0000  val_acc: 0.7618  tst_acc: 0.7471
1.0000  1.0000
0.8000  0.7618
0.7853  0.7765
112  trn_acc: 1.0000  val_acc: 0.8000  tst_acc: 0.7853
0.9985  1.0000
0.7676  0.7559
0.8029  0.7676
113  trn_acc: 0.9985  val_acc: 0.7676  tst_acc: 0.8029
1.0000  0.9985
0.7824  0.7618
0.7735  0.7676
114  trn_acc: 1.0000  val_acc: 0.7824  tst_acc: 0.7735
0.9985  1.0000
0.7618  0.7471
0.7794  0.7500
115  trn_acc: 0.9985  val_acc: 0.7618  tst_acc: 0.7794
1.0000  1.0000
0.7706  0.7647
0.7588  0.7353
116  trn_acc: 1.0000  val_acc: 0.7706  tst_acc: 0.7588
0.9985  1.0000
0.7765  0.7559
0.7765  0.7676
117  trn_acc: 0.9985  val_acc: 0.7765  tst_acc: 0.7765
1.0000  1.0000
0.7588  0.7500
0.7794  0.7647
118  trn_acc: 1.0000  val_acc: 0.7588  tst_acc: 0.7794
1.0000  1.0000
0.8059  0.7706
0.8029  0.7912
119  trn_acc: 1.0000  val_acc: 0.8059  tst_acc: 0.8029
1.0000  1.0000
0.7941  0.7618
0.7882  0.7765
120  trn_acc: 1.0000  val_acc: 0.7941  tst_acc: 0.7882
0.9985  1.0000
0.8000  0.7559
0.8118  0.7735
121  trn_acc: 0.9985  val_acc: 0.8000  tst_acc: 0.8118
0.9985  1.0000
0.7559  0.7500
0.7794  0.7676
122  trn_acc: 0.9985  val_acc: 0.7559  tst_acc: 0.7794
0.9824  0.9956
0.7647  0.7559
0.7559  0.7529
123  trn_acc: 0.9824  val_acc: 0.7647  tst_acc: 0.7559
1.0000  1.0000
0.7676  0.7618
0.7853  0.7824
124  trn_acc: 1.0000  val_acc: 0.7676  tst_acc: 0.7853
1.0000  1.0000
0.7882  0.7529
0.7882  0.7765
125  trn_acc: 1.0000  val_acc: 0.7882  tst_acc: 0.7882
1.0000  1.0000
0.7735  0.7529
0.8206  0.7824
126  trn_acc: 1.0000  val_acc: 0.7735  tst_acc: 0.8206
1.0000  1.0000
0.7794  0.7647
0.8147  0.7706
127  trn_acc: 1.0000  val_acc: 0.7794  tst_acc: 0.8147
1.0000  1.0000
0.7882  0.7618
0.8118  0.7794
128  trn_acc: 1.0000  val_acc: 0.7882  tst_acc: 0.8118
0.9985  1.0000
0.7353  0.7765
0.7676  0.7676
129  trn_acc: 0.9985  val_acc: 0.7353  tst_acc: 0.7676
0.9971  1.0000
0.7912  0.7647
0.7676  0.7588
130  trn_acc: 0.9971  val_acc: 0.7912  tst_acc: 0.7676
0.9985  1.0000
0.7559  0.7471
0.7529  0.7353
131  trn_acc: 0.9985  val_acc: 0.7559  tst_acc: 0.7529
1.0000  1.0000
0.8029  0.7706
0.8088  0.7706
132  trn_acc: 1.0000  val_acc: 0.8029  tst_acc: 0.8088
1.0000  1.0000
0.8324  0.7824
0.8147  0.7765
133  trn_acc: 1.0000  val_acc: 0.8324  tst_acc: 0.8147
1.0000  1.0000
0.7853  0.7647
0.8324  0.7735
134  trn_acc: 1.0000  val_acc: 0.7853  tst_acc: 0.8324
0.9971  1.0000
0.7500  0.7618
0.7912  0.7618
135  trn_acc: 0.9971  val_acc: 0.7500  tst_acc: 0.7912
1.0000  1.0000
0.7912  0.7559
0.8235  0.7559
136  trn_acc: 1.0000  val_acc: 0.7912  tst_acc: 0.8235
1.0000  1.0000
0.8059  0.7706
0.8324  0.7941
137  trn_acc: 1.0000  val_acc: 0.8059  tst_acc: 0.8324
1.0000  0.9985
0.7676  0.7353
0.7588  0.7176
138  trn_acc: 1.0000  val_acc: 0.7676  tst_acc: 0.7588
1.0000  1.0000
0.7912  0.7647
0.8000  0.7794
139  trn_acc: 1.0000  val_acc: 0.7912  tst_acc: 0.8000
1.0000  1.0000
0.8059  0.7559
0.8265  0.7912
140  trn_acc: 1.0000  val_acc: 0.8059  tst_acc: 0.8265
0.9985  0.9985
0.7588  0.7382
0.8059  0.7971
141  trn_acc: 0.9985  val_acc: 0.7588  tst_acc: 0.8059
0.9971  1.0000
0.7588  0.7206
0.7853  0.7735
142  trn_acc: 0.9971  val_acc: 0.7588  tst_acc: 0.7853
1.0000  1.0000
0.7971  0.7588
0.8324  0.8029
143  trn_acc: 1.0000  val_acc: 0.7971  tst_acc: 0.8324
1.0000  1.0000
0.7765  0.7471
0.7912  0.7853
144  trn_acc: 1.0000  val_acc: 0.7765  tst_acc: 0.7912
1.0000  1.0000
0.8000  0.7735
0.8147  0.7382
145  trn_acc: 1.0000  val_acc: 0.8000  tst_acc: 0.8147
0.9941  1.0000
0.7529  0.7294
0.7706  0.7441
146  trn_acc: 0.9941  val_acc: 0.7529  tst_acc: 0.7706
1.0000  1.0000
0.7735  0.7735
0.8147  0.7941
147  trn_acc: 1.0000  val_acc: 0.7735  tst_acc: 0.8147
1.0000  1.0000
0.7941  0.7824
0.8206  0.8000
148  trn_acc: 1.0000  val_acc: 0.7941  tst_acc: 0.8206
1.0000  1.0000
0.7853  0.7676
0.7824  0.7882
149  trn_acc: 1.0000  val_acc: 0.7853  tst_acc: 0.7824
0.9985  1.0000
0.7500  0.7206
0.7971  0.7706
150  trn_acc: 0.9985  val_acc: 0.7500  tst_acc: 0.7971
1.0000  1.0000
0.7971  0.7559
0.7971  0.7824
151  trn_acc: 1.0000  val_acc: 0.7971  tst_acc: 0.7971
1.0000  1.0000
0.7794  0.7441
0.7971  0.7765
152  trn_acc: 1.0000  val_acc: 0.7794  tst_acc: 0.7971
1.0000  1.0000
0.7941  0.7706
0.7971  0.7706
153  trn_acc: 1.0000  val_acc: 0.7941  tst_acc: 0.7971
0.9985  1.0000
0.7735  0.7529
0.7971  0.7618
154  trn_acc: 0.9985  val_acc: 0.7735  tst_acc: 0.7971
0.9985  1.0000
0.7235  0.7176
0.7588  0.7294
155  trn_acc: 0.9985  val_acc: 0.7235  tst_acc: 0.7588
1.0000  1.0000
0.8088  0.7559
0.8176  0.7706
156  trn_acc: 1.0000  val_acc: 0.8088  tst_acc: 0.8176
1.0000  1.0000
0.7912  0.7588
0.8118  0.7618
157  trn_acc: 1.0000  val_acc: 0.7912  tst_acc: 0.8118
1.0000  1.0000
0.7588  0.7412
0.7765  0.7412
158  trn_acc: 1.0000  val_acc: 0.7588  tst_acc: 0.7765
1.0000  1.0000
0.8118  0.7676
0.8294  0.7765
159  trn_acc: 1.0000  val_acc: 0.8118  tst_acc: 0.8294
0.9985  1.0000
0.7794  0.7441
0.8029  0.7765
160  trn_acc: 0.9985  val_acc: 0.7794  tst_acc: 0.8029
0.9985  1.0000
0.7941  0.7618
0.7941  0.7735
161  trn_acc: 0.9985  val_acc: 0.7941  tst_acc: 0.7941
0.9971  1.0000
0.7765  0.7500
0.7647  0.7500
162  trn_acc: 0.9971  val_acc: 0.7765  tst_acc: 0.7647
1.0000  1.0000
0.7912  0.7794
0.8059  0.7559
163  trn_acc: 1.0000  val_acc: 0.7912  tst_acc: 0.8059
1.0000  1.0000
0.7912  0.7853
0.7765  0.7618
164  trn_acc: 1.0000  val_acc: 0.7912  tst_acc: 0.7765
1.0000  1.0000
0.7824  0.7765
0.7294  0.7441
165  trn_acc: 1.0000  val_acc: 0.7824  tst_acc: 0.7294
1.0000  1.0000
0.7882  0.7618
0.7618  0.7412
166  trn_acc: 1.0000  val_acc: 0.7882  tst_acc: 0.7618
1.0000  1.0000
0.7912  0.7735
0.7794  0.7618
167  trn_acc: 1.0000  val_acc: 0.7912  tst_acc: 0.7794
1.0000  1.0000
0.8147  0.7853
0.8000  0.7765
168  trn_acc: 1.0000  val_acc: 0.8147  tst_acc: 0.8000
1.0000  1.0000
0.7735  0.7676
0.7912  0.7529
169  trn_acc: 1.0000  val_acc: 0.7735  tst_acc: 0.7912
1.0000  1.0000
0.7412  0.7235
0.7441  0.7235
170  trn_acc: 1.0000  val_acc: 0.7412  tst_acc: 0.7441
1.0000  1.0000
0.7941  0.7735
0.8118  0.7676
171  trn_acc: 1.0000  val_acc: 0.7941  tst_acc: 0.8118
1.0000  1.0000
0.8059  0.7853
0.8088  0.7529
172  trn_acc: 1.0000  val_acc: 0.8059  tst_acc: 0.8088
1.0000  1.0000
0.7882  0.7882
0.8029  0.7647
173  trn_acc: 1.0000  val_acc: 0.7882  tst_acc: 0.8029
1.0000  1.0000
0.7824  0.7824
0.7706  0.7735
174  trn_acc: 1.0000  val_acc: 0.7824  tst_acc: 0.7706
0.9985  1.0000
0.7853  0.7882
0.7735  0.7735
175  trn_acc: 0.9985  val_acc: 0.7853  tst_acc: 0.7735
1.0000  1.0000
0.7912  0.7824
0.7853  0.7500
176  trn_acc: 1.0000  val_acc: 0.7912  tst_acc: 0.7853
1.0000  1.0000
0.7765  0.7529
0.7882  0.7471
177  trn_acc: 1.0000  val_acc: 0.7765  tst_acc: 0.7882
1.0000  1.0000
0.7882  0.7206
0.7912  0.7588
178  trn_acc: 1.0000  val_acc: 0.7882  tst_acc: 0.7912
0.9985  1.0000
0.7912  0.7647
0.8000  0.7618
179  trn_acc: 0.9985  val_acc: 0.7912  tst_acc: 0.8000
1.0000  1.0000
0.7853  0.7324
0.7529  0.7647
180  trn_acc: 1.0000  val_acc: 0.7853  tst_acc: 0.7529
133 0.8147 0.8324 1.0000 1.0000
