


getGoogleNet_v1_2like_morebn

Doing: 1
(?, 111, 111, 64)
(?, 56, 56, 64)
(?, 56, 56, 192)
(?, 28, 28, 192)
(?, 28, 28, 256)
(?, 28, 28, 480)
(?, 14, 14, 480)
(?, 14, 14, 512)
(?, 17)
(?, 14, 14, 512)
(?, 14, 14, 512)
(?, 14, 14, 528)
(?, 17)
(?, 14, 14, 832)
(?, 7, 7, 832)
(?, 7, 7, 832)
(?, 7, 7, 1024)
(?, 1, 1, 1024)
(?, 1000)
(?, 17)
0.0588  0.0632  0.0735
0.0588  0.0647  0.0647
0.0588  0.0676  0.0676
1  trn_acc: 0.0588  val_acc: 0.0588  tst_acc: 0.0588
0.0588  0.1044  0.0985
0.0588  0.0941  0.0941
0.0588  0.1029  0.1118
2  trn_acc: 0.0588  val_acc: 0.0588  tst_acc: 0.0588
0.1750  0.2059  0.1941
0.1559  0.1824  0.1588
0.1647  0.2147  0.1735
3  trn_acc: 0.1750  val_acc: 0.1559  tst_acc: 0.1647
0.3441  0.4618  0.4309
0.2676  0.3294  0.3588
0.3206  0.4029  0.3882
4  trn_acc: 0.3441  val_acc: 0.2676  tst_acc: 0.3206
0.3235  0.4706  0.5206
0.2676  0.3588  0.4176
0.3235  0.4176  0.4794
5  trn_acc: 0.3235  val_acc: 0.2676  tst_acc: 0.3235
0.5191  0.5412  0.6662
0.4235  0.4706  0.5441
0.4824  0.5118  0.6235
6  trn_acc: 0.5191  val_acc: 0.4235  tst_acc: 0.4824
0.6265  0.7015  0.7603
0.5559  0.5706  0.6206
0.5765  0.6147  0.6765
7  trn_acc: 0.6265  val_acc: 0.5559  tst_acc: 0.5765
0.7544  0.7691  0.7824
0.6265  0.6029  0.6088
0.6382  0.6176  0.6706
8  trn_acc: 0.7544  val_acc: 0.6265  tst_acc: 0.6382
0.6515  0.7721  0.7735
0.5265  0.5971  0.5676
0.5706  0.6588  0.6265
9  trn_acc: 0.6515  val_acc: 0.5265  tst_acc: 0.5706
0.7147  0.7912  0.7824
0.5618  0.5853  0.5765
0.6324  0.7206  0.6941
10  trn_acc: 0.7147  val_acc: 0.5618  tst_acc: 0.6324
0.5294  0.6838  0.7559
0.4206  0.5324  0.5735
0.4382  0.6118  0.6441
11  trn_acc: 0.5294  val_acc: 0.4206  tst_acc: 0.4382
0.6750  0.7412  0.8338
0.5647  0.5618  0.6118
0.5588  0.5794  0.6441
12  trn_acc: 0.6750  val_acc: 0.5647  tst_acc: 0.5588
0.7647  0.8529  0.7706
0.6059  0.6500  0.5765
0.6353  0.6706  0.6529
13  trn_acc: 0.7647  val_acc: 0.6059  tst_acc: 0.6353
0.6971  0.8368  0.8941
0.5382  0.5882  0.6353
0.5971  0.6706  0.6941
14  trn_acc: 0.6971  val_acc: 0.5382  tst_acc: 0.5971
0.7338  0.8721  0.8765
0.5324  0.6118  0.6324
0.6206  0.6912  0.7059
15  trn_acc: 0.7338  val_acc: 0.5324  tst_acc: 0.6206
0.8588  0.9015  0.9147
0.6559  0.6794  0.6588
0.7000  0.7353  0.7206
16  trn_acc: 0.8588  val_acc: 0.6559  tst_acc: 0.7000
0.6382  0.8265  0.8441
0.4676  0.6176  0.6206
0.4971  0.6971  0.7000
17  trn_acc: 0.6382  val_acc: 0.4676  tst_acc: 0.4971
0.9118  0.9544  0.9221
0.7029  0.7294  0.6647
0.7382  0.7794  0.7618
18  trn_acc: 0.9118  val_acc: 0.7029  tst_acc: 0.7382
0.8456  0.9338  0.8206
0.6529  0.6882  0.5618
0.6618  0.7382  0.6294
19  trn_acc: 0.8456  val_acc: 0.6529  tst_acc: 0.6618
0.5853  0.7941  0.5882
0.4794  0.6147  0.4382
0.4735  0.6059  0.5206
20  trn_acc: 0.5853  val_acc: 0.4794  tst_acc: 0.4735
0.8426  0.9074  0.8691
0.5971  0.6471  0.6088
0.6676  0.7235  0.6853
21  trn_acc: 0.8426  val_acc: 0.5971  tst_acc: 0.6676
0.9603  0.9735  0.9809
0.7235  0.7176  0.7000
0.7735  0.7559  0.7706
22  trn_acc: 0.9603  val_acc: 0.7235  tst_acc: 0.7735
0.9412  0.9588  0.8676
0.7118  0.6647  0.6559
0.7353  0.7353  0.7088
23  trn_acc: 0.9412  val_acc: 0.7118  tst_acc: 0.7353
0.9647  0.9809  0.9779
0.7559  0.7265  0.6853
0.8088  0.7735  0.7588
24  trn_acc: 0.9647  val_acc: 0.7559  tst_acc: 0.8088
0.8941  0.9485  0.9338
0.6618  0.7176  0.6647
0.6706  0.7471  0.7441
25  trn_acc: 0.8941  val_acc: 0.6618  tst_acc: 0.6706
0.8559  0.9676  0.9485
0.6029  0.7059  0.7000
0.6324  0.7412  0.7500
26  trn_acc: 0.8559  val_acc: 0.6029  tst_acc: 0.6324
0.9000  0.9853  0.9824
0.6647  0.7412  0.7147
0.7000  0.7441  0.7853
27  trn_acc: 0.9000  val_acc: 0.6647  tst_acc: 0.7000
0.9765  0.9868  0.9750
0.7353  0.7088  0.7000
0.7588  0.7588  0.7500
28  trn_acc: 0.9765  val_acc: 0.7353  tst_acc: 0.7588
0.8132  0.8618  0.8485
0.6353  0.6147  0.6059
0.6676  0.6912  0.7265
29  trn_acc: 0.8132  val_acc: 0.6353  tst_acc: 0.6676
0.7265  0.8706  0.8662
0.5265  0.6382  0.6353
0.5912  0.6794  0.6588
30  trn_acc: 0.7265  val_acc: 0.5265  tst_acc: 0.5912
0.8691  0.9397  0.9118
0.6618  0.6794  0.6441
0.7059  0.7471  0.7324
31  trn_acc: 0.8691  val_acc: 0.6618  tst_acc: 0.7059
0.9985  1.0000  1.0000
0.7971  0.7618  0.7529
0.8176  0.8412  0.8088
32  trn_acc: 0.9985  val_acc: 0.7971  tst_acc: 0.8176
0.9235  0.9618  0.9529
0.7206  0.7324  0.7118
0.7324  0.7176  0.7118
33  trn_acc: 0.9235  val_acc: 0.7206  tst_acc: 0.7324
0.9853  0.9985  0.9897
0.7529  0.7618  0.7500
0.7941  0.8206  0.7794
34  trn_acc: 0.9853  val_acc: 0.7529  tst_acc: 0.7941
0.9838  0.9897  0.9706
0.7471  0.7471  0.7471
0.7735  0.7735  0.7794
35  trn_acc: 0.9838  val_acc: 0.7471  tst_acc: 0.7735
0.9809  0.9750  0.9824
0.7353  0.7088  0.7088
0.7853  0.7382  0.7441
36  trn_acc: 0.9809  val_acc: 0.7353  tst_acc: 0.7853
1.0000  0.9956  0.9706
0.7647  0.7412  0.6706
0.8324  0.8059  0.7676
37  trn_acc: 1.0000  val_acc: 0.7647  tst_acc: 0.8324
0.9662  0.9926  0.9985
0.7176  0.7324  0.7618
0.7765  0.8147  0.8000
38  trn_acc: 0.9662  val_acc: 0.7176  tst_acc: 0.7765
0.8882  0.9088  0.9676
0.6235  0.6265  0.6676
0.6971  0.7324  0.7382
39  trn_acc: 0.8882  val_acc: 0.6235  tst_acc: 0.6971
0.9971  0.9985  0.9897
0.7500  0.7647  0.7000
0.7912  0.7971  0.7441
40  trn_acc: 0.9971  val_acc: 0.7500  tst_acc: 0.7912
0.9956  0.9985  0.9897
0.7647  0.7676  0.7206
0.8441  0.8029  0.7824
41  trn_acc: 0.9956  val_acc: 0.7647  tst_acc: 0.8441
0.9647  0.9956  0.9971
0.6794  0.7353  0.7353
0.7559  0.7824  0.7794
42  trn_acc: 0.9647  val_acc: 0.6794  tst_acc: 0.7559
0.9647  0.9985  0.9912
0.7088  0.7324  0.7235
0.8176  0.8000  0.7941
43  trn_acc: 0.9647  val_acc: 0.7088  tst_acc: 0.8176
0.9897  1.0000  0.9985
0.7471  0.7676  0.7529
0.8147  0.8147  0.8206
44  trn_acc: 0.9897  val_acc: 0.7471  tst_acc: 0.8147
0.9309  0.9765  0.9500
0.6941  0.7500  0.7176
0.7294  0.7735  0.7529
45  trn_acc: 0.9309  val_acc: 0.6941  tst_acc: 0.7294
0.9544  0.9853  0.9868
0.7500  0.7441  0.7324
0.7853  0.8000  0.7706
46  trn_acc: 0.9544  val_acc: 0.7500  tst_acc: 0.7853
0.9721  0.9897  0.9971
0.6882  0.7441  0.7353
0.7588  0.7794  0.7706
47  trn_acc: 0.9721  val_acc: 0.6882  tst_acc: 0.7588
0.9309  0.9721  0.9809
0.6206  0.6794  0.6794
0.7235  0.7471  0.7382
48  trn_acc: 0.9309  val_acc: 0.6206  tst_acc: 0.7235
0.9897  0.9985  0.9985
0.7824  0.8029  0.7353
0.7882  0.8118  0.7706
49  trn_acc: 0.9897  val_acc: 0.7824  tst_acc: 0.7882
0.9956  0.9971  0.9971
0.7353  0.7324  0.7000
0.8000  0.8147  0.7912
50  trn_acc: 0.9956  val_acc: 0.7353  tst_acc: 0.8000
0.9397  0.9735  0.9853
0.6529  0.7000  0.7265
0.6912  0.7529  0.7529
51  trn_acc: 0.9397  val_acc: 0.6529  tst_acc: 0.6912
0.9471  0.9382  0.9853
0.6971  0.6765  0.7206
0.7353  0.7176  0.7500
52  trn_acc: 0.9471  val_acc: 0.6971  tst_acc: 0.7353
0.9294  0.9941  0.9985
0.6588  0.7294  0.7382
0.6735  0.7824  0.7824
53  trn_acc: 0.9294  val_acc: 0.6588  tst_acc: 0.6735
0.9279  0.9765  0.9912
0.6735  0.6882  0.7118
0.7088  0.7412  0.7676
54  trn_acc: 0.9279  val_acc: 0.6735  tst_acc: 0.7088
0.9941  0.9985  1.0000
0.7500  0.7618  0.7471
0.7853  0.7912  0.8118
55  trn_acc: 0.9941  val_acc: 0.7500  tst_acc: 0.7853
0.9779  0.9985  0.9926
0.7235  0.7500  0.6971
0.7735  0.7882  0.7706
56  trn_acc: 0.9779  val_acc: 0.7235  tst_acc: 0.7735
0.8588  0.9897  0.9853
0.6559  0.7471  0.7235
0.7000  0.8088  0.7735
57  trn_acc: 0.8588  val_acc: 0.6559  tst_acc: 0.7000
0.9941  1.0000  0.9868
0.7294  0.7353  0.7147
0.7941  0.7941  0.7706
58  trn_acc: 0.9941  val_acc: 0.7294  tst_acc: 0.7941
1.0000  1.0000  1.0000
0.7853  0.7676  0.7559
0.8029  0.7912  0.8118
59  trn_acc: 1.0000  val_acc: 0.7853  tst_acc: 0.8029
0.9956  1.0000  0.9985
0.7735  0.7529  0.7559
0.8147  0.8206  0.8118
60  trn_acc: 0.9956  val_acc: 0.7735  tst_acc: 0.8147
0.8912  0.9368  0.9265
0.6382  0.6441  0.6471
0.7176  0.6971  0.6941
61  trn_acc: 0.8912  val_acc: 0.6382  tst_acc: 0.7176
0.9868  0.9985  0.9926
0.7588  0.7765  0.7500
0.7912  0.7971  0.7882
62  trn_acc: 0.9868  val_acc: 0.7588  tst_acc: 0.7912
0.9912  0.9985  0.9926
0.7647  0.7324  0.7176
0.7735  0.7824  0.7765
63  trn_acc: 0.9912  val_acc: 0.7647  tst_acc: 0.7735
0.9368  0.9882  0.9941
0.6706  0.7206  0.7147
0.7206  0.7912  0.7765
64  trn_acc: 0.9368  val_acc: 0.6706  tst_acc: 0.7206
0.9926  0.9985  1.0000
0.7588  0.7647  0.7412
0.7912  0.7882  0.8176
65  trn_acc: 0.9926  val_acc: 0.7588  tst_acc: 0.7912
0.9721  0.9809  0.9897
0.7353  0.7176  0.7235
0.7735  0.7676  0.7824
66  trn_acc: 0.9721  val_acc: 0.7353  tst_acc: 0.7735
0.9735  0.9794  0.9971
0.7235  0.7000  0.6912
0.7647  0.7794  0.7765
67  trn_acc: 0.9735  val_acc: 0.7235  tst_acc: 0.7647
0.9691  0.9882  0.9691
0.7176  0.7118  0.6765
0.7176  0.7676  0.7676
68  trn_acc: 0.9691  val_acc: 0.7176  tst_acc: 0.7176
0.9794  0.9647  0.9853
0.7088  0.6882  0.7059
0.7853  0.7441  0.7706
69  trn_acc: 0.9794  val_acc: 0.7088  tst_acc: 0.7853
1.0000  1.0000  1.0000
0.7824  0.7765  0.7353
0.8176  0.8176  0.8088
70  trn_acc: 1.0000  val_acc: 0.7824  tst_acc: 0.8176
0.9985  1.0000  1.0000
0.7912  0.7941  0.7735
0.8206  0.8324  0.8147
71  trn_acc: 0.9985  val_acc: 0.7912  tst_acc: 0.8206
0.9971  0.9956  0.9985
0.7676  0.7294  0.6971
0.8382  0.8147  0.8147
72  trn_acc: 0.9971  val_acc: 0.7676  tst_acc: 0.8382
0.9662  0.9912  1.0000
0.7206  0.7235  0.7206
0.7529  0.7676  0.7765
73  trn_acc: 0.9662  val_acc: 0.7206  tst_acc: 0.7529
0.9956  0.9985  1.0000
0.7706  0.7618  0.7441
0.7971  0.8176  0.7971
74  trn_acc: 0.9956  val_acc: 0.7706  tst_acc: 0.7971
1.0000  1.0000  0.9985
0.8029  0.7882  0.7676
0.8265  0.8324  0.7824
75  trn_acc: 1.0000  val_acc: 0.8029  tst_acc: 0.8265
0.9985  0.9971  0.9897
0.7706  0.7088  0.6794
0.8088  0.8088  0.7824
76  trn_acc: 0.9985  val_acc: 0.7706  tst_acc: 0.8088
0.9926  0.9912  0.9882
0.7471  0.7029  0.6735
0.7941  0.7441  0.7441
77  trn_acc: 0.9926  val_acc: 0.7471  tst_acc: 0.7941
0.9691  0.9897  0.9897
0.7206  0.7088  0.7118
0.7382  0.7618  0.7647
78  trn_acc: 0.9691  val_acc: 0.7206  tst_acc: 0.7382
0.9809  0.9882  1.0000
0.7500  0.7294  0.7353
0.7941  0.8235  0.7971
79  trn_acc: 0.9809  val_acc: 0.7500  tst_acc: 0.7941
1.0000  1.0000  0.9868
0.7941  0.7882  0.7471
0.8353  0.8118  0.7971
80  trn_acc: 1.0000  val_acc: 0.7941  tst_acc: 0.8353
0.9676  0.9941  0.9941
0.6588  0.7088  0.7147
0.7000  0.7412  0.7618
81  trn_acc: 0.9676  val_acc: 0.6588  tst_acc: 0.7000
0.9956  0.9941  0.9853
0.7588  0.7441  0.7588
0.8235  0.7765  0.7765
82  trn_acc: 0.9956  val_acc: 0.7588  tst_acc: 0.8235
0.9544  0.9544  0.9691
0.6971  0.6941  0.6882
0.7441  0.7676  0.7588
83  trn_acc: 0.9544  val_acc: 0.6971  tst_acc: 0.7441
0.9559  0.9838  0.9706
0.7176  0.7029  0.6676
0.7471  0.7588  0.7412
84  trn_acc: 0.9559  val_acc: 0.7176  tst_acc: 0.7471
0.9897  0.9985  1.0000
0.6912  0.7294  0.6912
0.7529  0.8118  0.7824
85  trn_acc: 0.9897  val_acc: 0.6912  tst_acc: 0.7529
0.9985  0.9985  0.9853
0.7588  0.7588  0.7441
0.8088  0.8000  0.8029
86  trn_acc: 0.9985  val_acc: 0.7588  tst_acc: 0.8088
0.9882  0.9985  0.9971
0.7853  0.7765  0.7735
0.7971  0.8000  0.7971
87  trn_acc: 0.9882  val_acc: 0.7853  tst_acc: 0.7971
0.9971  1.0000  1.0000
0.7618  0.7824  0.7500
0.7882  0.8088  0.8000
88  trn_acc: 0.9971  val_acc: 0.7618  tst_acc: 0.7882
1.0000  1.0000  1.0000
0.8059  0.7971  0.7853
0.8412  0.8500  0.7971
89  trn_acc: 1.0000  val_acc: 0.8059  tst_acc: 0.8412
1.0000  1.0000  0.9971
0.7824  0.7794  0.7441
0.8206  0.8147  0.7676
90  trn_acc: 1.0000  val_acc: 0.7824  tst_acc: 0.8206
1.0000  1.0000  0.9985
0.8235  0.8147  0.7706
0.8118  0.8206  0.7941
91  trn_acc: 1.0000  val_acc: 0.8235  tst_acc: 0.8118
1.0000  1.0000  1.0000
0.8265  0.8265  0.7765
0.8382  0.8500  0.8088
92  trn_acc: 1.0000  val_acc: 0.8265  tst_acc: 0.8382
0.9868  0.9912  0.9971
0.7529  0.7294  0.7706
0.7794  0.7676  0.7941
93  trn_acc: 0.9868  val_acc: 0.7529  tst_acc: 0.7794
0.9985  1.0000  1.0000
0.8000  0.7853  0.7676
0.8324  0.8441  0.8324
94  trn_acc: 0.9985  val_acc: 0.8000  tst_acc: 0.8324
1.0000  1.0000  0.9985
0.8029  0.7853  0.7618
0.8118  0.8147  0.8029
95  trn_acc: 1.0000  val_acc: 0.8029  tst_acc: 0.8118
1.0000  1.0000  1.0000
0.7794  0.7500  0.7000
0.8029  0.8206  0.7941
96  trn_acc: 1.0000  val_acc: 0.7794  tst_acc: 0.8029
0.9912  0.9985  0.9985
0.7324  0.7618  0.7382
0.8147  0.7824  0.8088
97  trn_acc: 0.9912  val_acc: 0.7324  tst_acc: 0.8147
0.9941  1.0000  1.0000
0.7824  0.7853  0.7765
0.8382  0.8412  0.8235
98  trn_acc: 0.9941  val_acc: 0.7824  tst_acc: 0.8382
0.9926  1.0000  0.9985
0.7176  0.7735  0.7500
0.7765  0.8265  0.8088
99  trn_acc: 0.9926  val_acc: 0.7176  tst_acc: 0.7765
1.0000  0.9956  1.0000
0.8029  0.7559  0.7794
0.8147  0.7882  0.8059
100  trn_acc: 1.0000  val_acc: 0.8029  tst_acc: 0.8147
1.0000  1.0000  1.0000
0.8059  0.7853  0.7765
0.8471  0.8529  0.8353
101  trn_acc: 1.0000  val_acc: 0.8059  tst_acc: 0.8471
0.9941  0.9956  1.0000
0.7382  0.7000  0.7235
0.8147  0.7941  0.8029
102  trn_acc: 0.9941  val_acc: 0.7382  tst_acc: 0.8147
1.0000  1.0000  1.0000
0.7824  0.7882  0.7853
0.7971  0.8471  0.8176
103  trn_acc: 1.0000  val_acc: 0.7824  tst_acc: 0.7971
1.0000  1.0000  1.0000
0.8118  0.8029  0.7941
0.8441  0.8559  0.8206
104  trn_acc: 1.0000  val_acc: 0.8118  tst_acc: 0.8441
1.0000  1.0000  0.9985
0.8000  0.7588  0.7000
0.8000  0.7971  0.8088
105  trn_acc: 1.0000  val_acc: 0.8000  tst_acc: 0.8000
0.9941  0.9971  0.9868
0.7882  0.7853  0.7353
0.8118  0.8088  0.7853
106  trn_acc: 0.9941  val_acc: 0.7882  tst_acc: 0.8118
1.0000  1.0000  1.0000
0.8147  0.8176  0.7529
0.8471  0.8471  0.8235
107  trn_acc: 1.0000  val_acc: 0.8147  tst_acc: 0.8471
1.0000  1.0000  1.0000
0.8294  0.8206  0.7971
0.8441  0.8294  0.8471
108  trn_acc: 1.0000  val_acc: 0.8294  tst_acc: 0.8441
0.9868  1.0000  0.9971
0.7176  0.7588  0.7206
0.8029  0.8000  0.7882
109  trn_acc: 0.9868  val_acc: 0.7176  tst_acc: 0.8029
1.0000  1.0000  0.9985
0.7853  0.8029  0.7882
0.8029  0.8176  0.8176
110  trn_acc: 1.0000  val_acc: 0.7853  tst_acc: 0.8029
1.0000  1.0000  1.0000
0.8088  0.8118  0.7853
0.8059  0.8176  0.8176
111  trn_acc: 1.0000  val_acc: 0.8088  tst_acc: 0.8059
0.9706  0.9985  0.9941
0.7353  0.7500  0.7618
0.7382  0.7794  0.8206
112  trn_acc: 0.9706  val_acc: 0.7353  tst_acc: 0.7382
0.9985  0.9985  1.0000
0.8118  0.7824  0.7529
0.8206  0.8147  0.8206
113  trn_acc: 0.9985  val_acc: 0.8118  tst_acc: 0.8206
0.9853  0.9985  0.9779
0.7382  0.7529  0.6676
0.7706  0.8235  0.7588
114  trn_acc: 0.9853  val_acc: 0.7382  tst_acc: 0.7706
1.0000  1.0000  1.0000
0.8000  0.7794  0.7618
0.8353  0.8206  0.8412
115  trn_acc: 1.0000  val_acc: 0.8000  tst_acc: 0.8353
0.9956  0.9912  0.9912
0.7235  0.7294  0.7324
0.7853  0.7706  0.8000
116  trn_acc: 0.9956  val_acc: 0.7235  tst_acc: 0.7853
1.0000  1.0000  1.0000
0.7676  0.7353  0.7324
0.8235  0.8206  0.8206
117  trn_acc: 1.0000  val_acc: 0.7676  tst_acc: 0.8235
1.0000  1.0000  1.0000
0.7882  0.7735  0.7912
0.8206  0.8294  0.8147
118  trn_acc: 1.0000  val_acc: 0.7882  tst_acc: 0.8206
0.9926  1.0000  0.9971
0.7765  0.7176  0.7000
0.7765  0.7912  0.7794
119  trn_acc: 0.9926  val_acc: 0.7765  tst_acc: 0.7765
0.9985  1.0000  0.9985
0.7882  0.7382  0.7500
0.8206  0.7853  0.7765
120  trn_acc: 0.9985  val_acc: 0.7882  tst_acc: 0.8206
1.0000  1.0000  1.0000
0.8206  0.7971  0.7706
0.8559  0.8353  0.8265
121  trn_acc: 1.0000  val_acc: 0.8206  tst_acc: 0.8559
1.0000  0.9956  0.9971
0.7941  0.7706  0.7500
0.8382  0.8529  0.8029
122  trn_acc: 1.0000  val_acc: 0.7941  tst_acc: 0.8382
0.9985  1.0000  1.0000
0.8000  0.7941  0.7706
0.8441  0.8412  0.8118
123  trn_acc: 0.9985  val_acc: 0.8000  tst_acc: 0.8441
0.9985  0.9985  0.9794
0.8088  0.7529  0.6382
0.8088  0.7971  0.7559
124  trn_acc: 0.9985  val_acc: 0.8088  tst_acc: 0.8088
0.9882  0.9985  1.0000
0.7529  0.7824  0.7353
0.8059  0.8265  0.8235
125  trn_acc: 0.9882  val_acc: 0.7529  tst_acc: 0.8059
1.0000  1.0000  1.0000
0.8206  0.7853  0.7559
0.8500  0.8500  0.8059
126  trn_acc: 1.0000  val_acc: 0.8206  tst_acc: 0.8500
0.9544  0.9721  0.9603
0.6647  0.7029  0.6618
0.7353  0.7265  0.7265
127  trn_acc: 0.9544  val_acc: 0.6647  tst_acc: 0.7353
0.9956  1.0000  1.0000
0.7706  0.7882  0.7676
0.7941  0.8265  0.7765
128  trn_acc: 0.9956  val_acc: 0.7706  tst_acc: 0.7941
1.0000  1.0000  1.0000
0.8382  0.8088  0.7706
0.8588  0.8618  0.8265
129  trn_acc: 1.0000  val_acc: 0.8382  tst_acc: 0.8588
1.0000  1.0000  1.0000
0.8059  0.7735  0.7324
0.8412  0.8412  0.8118
130  trn_acc: 1.0000  val_acc: 0.8059  tst_acc: 0.8412
0.9868  0.9926  1.0000
0.7588  0.7441  0.7412
0.7765  0.8088  0.8088
131  trn_acc: 0.9868  val_acc: 0.7588  tst_acc: 0.7765
1.0000  1.0000  1.0000
0.8147  0.7765  0.7147
0.8206  0.8176  0.7853
132  trn_acc: 1.0000  val_acc: 0.8147  tst_acc: 0.8206
0.9971  1.0000  0.9971
0.7735  0.7618  0.7588
0.8176  0.8206  0.8206
133  trn_acc: 0.9971  val_acc: 0.7735  tst_acc: 0.8176
0.9735  0.9926  0.9941
0.7265  0.7206  0.7294
0.7882  0.8000  0.7559
134  trn_acc: 0.9735  val_acc: 0.7265  tst_acc: 0.7882
1.0000  1.0000  1.0000
0.7971  0.7706  0.7706
0.8294  0.8324  0.8235
135  trn_acc: 1.0000  val_acc: 0.7971  tst_acc: 0.8294
1.0000  1.0000  1.0000
0.8353  0.7971  0.7706
0.8471  0.8618  0.8235
136  trn_acc: 1.0000  val_acc: 0.8353  tst_acc: 0.8471
0.9985  1.0000  0.9956
0.7765  0.7971  0.7559
0.8500  0.8324  0.7971
137  trn_acc: 0.9985  val_acc: 0.7765  tst_acc: 0.8500
1.0000  1.0000  1.0000
0.8059  0.7912  0.7647
0.8206  0.8471  0.8206
138  trn_acc: 1.0000  val_acc: 0.8059  tst_acc: 0.8206
0.9985  1.0000  1.0000
0.7559  0.7588  0.7794
0.8235  0.8235  0.8235
139  trn_acc: 0.9985  val_acc: 0.7559  tst_acc: 0.8235
1.0000  1.0000  1.0000
0.7971  0.7882  0.7618
0.8500  0.8441  0.8265
140  trn_acc: 1.0000  val_acc: 0.7971  tst_acc: 0.8500
0.9941  0.9971  1.0000
0.7882  0.7706  0.7735
0.8147  0.8029  0.8147
141  trn_acc: 0.9941  val_acc: 0.7882  tst_acc: 0.8147
1.0000  1.0000  0.9985
0.8000  0.7941  0.7647
0.8265  0.8147  0.8147
142  trn_acc: 1.0000  val_acc: 0.8000  tst_acc: 0.8265
1.0000  1.0000  1.0000
0.8118  0.8029  0.7853
0.8147  0.8176  0.8235
143  trn_acc: 1.0000  val_acc: 0.8118  tst_acc: 0.8147
1.0000  1.0000  1.0000
0.8029  0.7941  0.7559
0.8353  0.8118  0.8000
144  trn_acc: 1.0000  val_acc: 0.8029  tst_acc: 0.8353
0.9868  0.9941  1.0000
0.7206  0.7118  0.7382
0.7382  0.7471  0.8000
145  trn_acc: 0.9868  val_acc: 0.7206  tst_acc: 0.7382
1.0000  1.0000  0.9985
0.7588  0.7765  0.7618
0.7912  0.8147  0.7882
146  trn_acc: 1.0000  val_acc: 0.7588  tst_acc: 0.7912
0.9926  0.9941  0.9956
0.7176  0.6912  0.6971
0.7735  0.7618  0.7588
147  trn_acc: 0.9926  val_acc: 0.7176  tst_acc: 0.7735
0.9985  0.9985  0.9985
0.7882  0.7735  0.7500
0.8353  0.8235  0.8059
148  trn_acc: 0.9985  val_acc: 0.7882  tst_acc: 0.8353
1.0000  1.0000  1.0000
0.8118  0.7765  0.7765
0.8294  0.8176  0.8206
149  trn_acc: 1.0000  val_acc: 0.8118  tst_acc: 0.8294
1.0000  1.0000  1.0000
0.8088  0.8118  0.7971
0.8441  0.8265  0.8176
150  trn_acc: 1.0000  val_acc: 0.8088  tst_acc: 0.8441
1.0000  1.0000  0.9838
0.8294  0.8000  0.7088
0.8382  0.8176  0.7441
151  trn_acc: 1.0000  val_acc: 0.8294  tst_acc: 0.8382
0.9985  0.9985  0.9941
0.7853  0.7765  0.7647
0.8147  0.7971  0.7882
152  trn_acc: 0.9985  val_acc: 0.7853  tst_acc: 0.8147
1.0000  1.0000  1.0000
0.8265  0.8118  0.7971
0.8324  0.8353  0.8176
153  trn_acc: 1.0000  val_acc: 0.8265  tst_acc: 0.8324
1.0000  1.0000  1.0000
0.8000  0.7676  0.7559
0.8441  0.8441  0.8176
154  trn_acc: 1.0000  val_acc: 0.8000  tst_acc: 0.8441
1.0000  1.0000  1.0000
0.7676  0.7500  0.7294
0.8088  0.8029  0.8088
155  trn_acc: 1.0000  val_acc: 0.7676  tst_acc: 0.8088
1.0000  1.0000  1.0000
0.7706  0.7853  0.7559
0.8059  0.8382  0.8147
156  trn_acc: 1.0000  val_acc: 0.7706  tst_acc: 0.8059
1.0000  1.0000  1.0000
0.8176  0.7971  0.7765
0.8294  0.8206  0.8147
157  trn_acc: 1.0000  val_acc: 0.8176  tst_acc: 0.8294
1.0000  1.0000  0.9897
0.7882  0.7941  0.7265
0.8176  0.8147  0.7647
158  trn_acc: 1.0000  val_acc: 0.7882  tst_acc: 0.8176
0.9956  0.9971  0.9985
0.7618  0.7588  0.7147
0.7853  0.8147  0.7647
159  trn_acc: 0.9956  val_acc: 0.7618  tst_acc: 0.7853
0.9985  1.0000  1.0000
0.7647  0.7676  0.7588
0.8294  0.8265  0.8206
160  trn_acc: 0.9985  val_acc: 0.7647  tst_acc: 0.8294
1.0000  1.0000  1.0000
0.8118  0.7941  0.7588
0.8324  0.8412  0.7971
161  trn_acc: 1.0000  val_acc: 0.8118  tst_acc: 0.8324
0.9985  0.9985  0.9985
0.8235  0.8029  0.7824
0.8265  0.8147  0.8000
162  trn_acc: 0.9985  val_acc: 0.8235  tst_acc: 0.8265
1.0000  1.0000  1.0000
0.8265  0.7882  0.8000
0.8441  0.8382  0.8412
163  trn_acc: 1.0000  val_acc: 0.8265  tst_acc: 0.8441
1.0000  1.0000  1.0000
0.8118  0.7794  0.7676
0.8441  0.8235  0.8294
164  trn_acc: 1.0000  val_acc: 0.8118  tst_acc: 0.8441
1.0000  1.0000  1.0000
0.8206  0.8000  0.8000
0.8529  0.8441  0.8324
165  trn_acc: 1.0000  val_acc: 0.8206  tst_acc: 0.8529
1.0000  0.9985  1.0000
0.7824  0.7765  0.7882
0.8235  0.8235  0.8265
166  trn_acc: 1.0000  val_acc: 0.7824  tst_acc: 0.8235
0.9676  0.9809  0.9794
0.7029  0.6676  0.6647
0.7441  0.7559  0.7235
167  trn_acc: 0.9676  val_acc: 0.7029  tst_acc: 0.7441
1.0000  1.0000  1.0000
0.7941  0.7824  0.7294
0.8294  0.8353  0.8176
168  trn_acc: 1.0000  val_acc: 0.7941  tst_acc: 0.8294
0.9956  1.0000  1.0000
0.7882  0.7647  0.7206
0.7824  0.8029  0.8000
169  trn_acc: 0.9956  val_acc: 0.7882  tst_acc: 0.7824
1.0000  1.0000  1.0000
0.8059  0.7676  0.7324
0.8088  0.8000  0.8059
170  trn_acc: 1.0000  val_acc: 0.8059  tst_acc: 0.8088
0.9912  0.9912  0.9721
0.7441  0.6824  0.6735
0.8000  0.7676  0.7382
171  trn_acc: 0.9912  val_acc: 0.7441  tst_acc: 0.8000
1.0000  1.0000  1.0000
0.8029  0.7824  0.7941
0.8176  0.8294  0.8353
172  trn_acc: 1.0000  val_acc: 0.8029  tst_acc: 0.8176
1.0000  1.0000  1.0000
0.8118  0.7971  0.8029
0.8324  0.8206  0.8235
173  trn_acc: 1.0000  val_acc: 0.8118  tst_acc: 0.8324
1.0000  1.0000  1.0000
0.7941  0.8029  0.7794
0.8412  0.8382  0.8029
174  trn_acc: 1.0000  val_acc: 0.7941  tst_acc: 0.8412
0.9985  0.9956  1.0000
0.7971  0.7676  0.8029
0.8029  0.8059  0.8206
175  trn_acc: 0.9985  val_acc: 0.7971  tst_acc: 0.8029
1.0000  1.0000  1.0000
0.8353  0.8118  0.8029
0.8265  0.8353  0.8294
176  trn_acc: 1.0000  val_acc: 0.8353  tst_acc: 0.8265
1.0000  1.0000  1.0000
0.8441  0.8147  0.7971
0.8353  0.8353  0.8382
177  trn_acc: 1.0000  val_acc: 0.8441  tst_acc: 0.8353
1.0000  1.0000  1.0000
0.8176  0.8029  0.7882
0.8441  0.8265  0.8265
178  trn_acc: 1.0000  val_acc: 0.8176  tst_acc: 0.8441
0.9985  0.9956  1.0000
0.7794  0.7471  0.7500
0.8206  0.7706  0.7853
179  trn_acc: 0.9985  val_acc: 0.7794  tst_acc: 0.8206
1.0000  1.0000  1.0000
0.8059  0.7912  0.7618
0.8471  0.8353  0.8294
180  trn_acc: 1.0000  val_acc: 0.8059  tst_acc: 0.8471
177 0.8353 0.8441 1.0000 1.0000





getGoogleNet_v1_2like_morebn

Doing: 2
(?, 111, 111, 64)
(?, 56, 56, 64)
(?, 56, 56, 192)
(?, 28, 28, 192)
(?, 28, 28, 256)
(?, 28, 28, 480)
(?, 14, 14, 480)
(?, 14, 14, 512)
(?, 17)
(?, 14, 14, 512)
(?, 14, 14, 512)
(?, 14, 14, 528)
(?, 17)
(?, 14, 14, 832)
(?, 7, 7, 832)
(?, 7, 7, 832)
(?, 7, 7, 1024)
(?, 1, 1, 1024)
(?, 1000)
(?, 17)
0.0588  0.0588  0.1059
0.0588  0.0588  0.1059
0.0588  0.0588  0.0971
1  trn_acc: 0.0588  val_acc: 0.0588  tst_acc: 0.0588
0.0618  0.0647  0.0956
0.0676  0.0706  0.1059
0.0647  0.0647  0.0912
2  trn_acc: 0.0618  val_acc: 0.0676  tst_acc: 0.0647
0.1426  0.1750  0.2603
0.1529  0.1676  0.2206
0.1265  0.1618  0.2176
3  trn_acc: 0.1426  val_acc: 0.1529  tst_acc: 0.1265
0.3485  0.5353  0.6088
0.3118  0.4441  0.4882
0.3118  0.4353  0.4853
4  trn_acc: 0.3485  val_acc: 0.3118  tst_acc: 0.3118
0.5044  0.5412  0.5294
0.4471  0.4500  0.4559
0.4176  0.4088  0.4353
5  trn_acc: 0.5044  val_acc: 0.4471  tst_acc: 0.4176
0.5279  0.6706  0.6368
0.4647  0.5765  0.5471
0.4529  0.5265  0.5176
6  trn_acc: 0.5279  val_acc: 0.4647  tst_acc: 0.4529
0.5632  0.6941  0.6412
0.4794  0.5529  0.5265
0.4324  0.5118  0.5088
7  trn_acc: 0.5632  val_acc: 0.4794  tst_acc: 0.4324
0.6574  0.7103  0.7750
0.5706  0.5971  0.6029
0.5265  0.5765  0.5441
8  trn_acc: 0.6574  val_acc: 0.5706  tst_acc: 0.5265
0.6603  0.7662  0.7735
0.5382  0.5794  0.6382
0.5471  0.5912  0.5882
9  trn_acc: 0.6603  val_acc: 0.5382  tst_acc: 0.5471
0.5456  0.5147  0.4912
0.4500  0.4324  0.4118
0.4412  0.4029  0.3588
10  trn_acc: 0.5456  val_acc: 0.4500  tst_acc: 0.4412
0.7941  0.8662  0.8294
0.6588  0.7059  0.6441
0.6412  0.6765  0.6412
11  trn_acc: 0.7941  val_acc: 0.6588  tst_acc: 0.6412
0.8324  0.8574  0.8324
0.6529  0.6706  0.6147
0.6706  0.6382  0.5735
12  trn_acc: 0.8324  val_acc: 0.6529  tst_acc: 0.6706
0.7088  0.8574  0.8029
0.5853  0.6441  0.6235
0.5471  0.6235  0.5824
13  trn_acc: 0.7088  val_acc: 0.5853  tst_acc: 0.5471
0.5882  0.7750  0.8515
0.4529  0.6088  0.6471
0.4824  0.5971  0.6706
14  trn_acc: 0.5882  val_acc: 0.4529  tst_acc: 0.4824
0.6397  0.7794  0.7132
0.5029  0.5853  0.5353
0.4971  0.6059  0.5500
15  trn_acc: 0.6397  val_acc: 0.5029  tst_acc: 0.4971
0.6971  0.8426  0.7779
0.5294  0.6088  0.5324
0.5147  0.5853  0.4971
16  trn_acc: 0.6971  val_acc: 0.5294  tst_acc: 0.5147
0.9426  0.9750  0.9471
0.7176  0.7029  0.7059
0.7794  0.7588  0.7206
17  trn_acc: 0.9426  val_acc: 0.7176  tst_acc: 0.7794
0.9603  0.9794  0.9750
0.7324  0.7382  0.7147
0.7529  0.7412  0.7118
18  trn_acc: 0.9603  val_acc: 0.7324  tst_acc: 0.7529
0.7500  0.8441  0.8750
0.5824  0.6059  0.6471
0.5618  0.5853  0.6029
19  trn_acc: 0.7500  val_acc: 0.5824  tst_acc: 0.5618
0.8397  0.9191  0.8956
0.6118  0.6735  0.6471
0.6029  0.6176  0.6147
20  trn_acc: 0.8397  val_acc: 0.6118  tst_acc: 0.6029
0.7882  0.8309  0.8353
0.5647  0.5941  0.6176
0.6000  0.6029  0.6206
21  trn_acc: 0.7882  val_acc: 0.5647  tst_acc: 0.6000
0.5824  0.7853  0.8191
0.4441  0.5706  0.6000
0.3853  0.5324  0.5353
22  trn_acc: 0.5824  val_acc: 0.4441  tst_acc: 0.3853
0.8132  0.8868  0.9279
0.6235  0.6118  0.6765
0.6147  0.6000  0.6471
23  trn_acc: 0.8132  val_acc: 0.6235  tst_acc: 0.6147
0.9544  0.9853  0.9824
0.7059  0.7471  0.7529
0.7206  0.7853  0.7441
24  trn_acc: 0.9544  val_acc: 0.7059  tst_acc: 0.7206
0.7750  0.8750  0.9103
0.5265  0.6000  0.6794
0.5941  0.6588  0.6971
25  trn_acc: 0.7750  val_acc: 0.5265  tst_acc: 0.5941
0.8676  0.8838  0.9221
0.5912  0.6088  0.6706
0.6118  0.6206  0.6618
26  trn_acc: 0.8676  val_acc: 0.5912  tst_acc: 0.6118
0.9868  0.9956  0.9985
0.7118  0.7235  0.7706
0.7529  0.7382  0.7412
27  trn_acc: 0.9868  val_acc: 0.7118  tst_acc: 0.7529
0.9353  0.9912  0.9941
0.7235  0.7471  0.8000
0.7176  0.7382  0.7353
28  trn_acc: 0.9353  val_acc: 0.7235  tst_acc: 0.7176
0.9824  0.9912  0.9897
0.7147  0.7529  0.7441
0.7088  0.7059  0.7441
29  trn_acc: 0.9824  val_acc: 0.7147  tst_acc: 0.7088
0.9412  0.9897  0.9956
0.6912  0.7529  0.7412
0.7265  0.7618  0.7676
30  trn_acc: 0.9412  val_acc: 0.6912  tst_acc: 0.7265
0.9426  0.9750  0.9926
0.6765  0.6941  0.7765
0.6941  0.7235  0.7529
31  trn_acc: 0.9426  val_acc: 0.6765  tst_acc: 0.6941
0.9838  0.9882  0.9868
0.7235  0.7147  0.7324
0.7235  0.7412  0.7324
32  trn_acc: 0.9838  val_acc: 0.7235  tst_acc: 0.7235
0.9794  0.9853  0.9691
0.7294  0.7324  0.6882
0.7324  0.7353  0.6647
33  trn_acc: 0.9794  val_acc: 0.7294  tst_acc: 0.7324
0.9956  1.0000  0.9912
0.7912  0.7588  0.7088
0.7794  0.7706  0.7235
34  trn_acc: 0.9956  val_acc: 0.7912  tst_acc: 0.7794
0.8971  0.9618  0.9618
0.6559  0.7176  0.7353
0.6765  0.7294  0.7000
35  trn_acc: 0.8971  val_acc: 0.6559  tst_acc: 0.6765
0.9412  0.9912  0.9809
0.7088  0.7618  0.7500
0.6765  0.7559  0.7324
36  trn_acc: 0.9412  val_acc: 0.7088  tst_acc: 0.6765
0.9735  0.9926  1.0000
0.7529  0.7471  0.7529
0.7765  0.8000  0.7676
37  trn_acc: 0.9735  val_acc: 0.7529  tst_acc: 0.7765
0.9971  0.9985  0.9971
0.7735  0.7735  0.7559
0.7853  0.7824  0.7235
38  trn_acc: 0.9971  val_acc: 0.7735  tst_acc: 0.7853
0.9926  0.9971  0.9941
0.7471  0.7324  0.7265
0.7735  0.7353  0.7765
39  trn_acc: 0.9926  val_acc: 0.7471  tst_acc: 0.7735
0.9471  0.9941  0.9853
0.7147  0.7353  0.7118
0.7353  0.7853  0.7147
40  trn_acc: 0.9471  val_acc: 0.7147  tst_acc: 0.7353
0.9971  0.9941  1.0000
0.7647  0.7647  0.7529
0.7559  0.7412  0.7559
41  trn_acc: 0.9971  val_acc: 0.7647  tst_acc: 0.7559
1.0000  1.0000  0.9971
0.8029  0.8029  0.7500
0.8206  0.8088  0.7382
42  trn_acc: 1.0000  val_acc: 0.8029  tst_acc: 0.8206
0.9706  0.9912  0.9926
0.7412  0.7500  0.7382
0.7206  0.7529  0.7412
43  trn_acc: 0.9706  val_acc: 0.7412  tst_acc: 0.7206
0.9956  0.9985  0.9985
0.7676  0.8059  0.7971
0.7941  0.7971  0.7647
44  trn_acc: 0.9956  val_acc: 0.7676  tst_acc: 0.7941
0.8765  0.9044  0.8912
0.5912  0.6029  0.5882
0.5971  0.6441  0.6294
45  trn_acc: 0.8765  val_acc: 0.5912  tst_acc: 0.5971
0.9794  0.9809  0.9735
0.7441  0.7353  0.7294
0.7147  0.7559  0.7176
46  trn_acc: 0.9794  val_acc: 0.7441  tst_acc: 0.7147
0.9191  0.9706  0.9912
0.6500  0.7000  0.7147
0.6118  0.6824  0.7118
47  trn_acc: 0.9191  val_acc: 0.6500  tst_acc: 0.6118
0.9368  0.9647  0.9882
0.7059  0.7000  0.7324
0.7000  0.7353  0.7382
48  trn_acc: 0.9368  val_acc: 0.7059  tst_acc: 0.7000
0.8706  0.9603  0.9824
0.6029  0.6853  0.7118
0.6471  0.7118  0.7441
49  trn_acc: 0.8706  val_acc: 0.6029  tst_acc: 0.6471
0.9971  1.0000  0.9868
0.7588  0.7647  0.7059
0.7853  0.7941  0.7529
50  trn_acc: 0.9971  val_acc: 0.7588  tst_acc: 0.7853
0.9941  0.9985  0.9941
0.7529  0.7735  0.7588
0.7735  0.7794  0.7676
51  trn_acc: 0.9941  val_acc: 0.7529  tst_acc: 0.7735
0.9941  0.9956  0.9941
0.7382  0.7588  0.7441
0.7529  0.7529  0.7294
52  trn_acc: 0.9941  val_acc: 0.7382  tst_acc: 0.7529
0.9926  0.9912  0.9985
0.7353  0.7412  0.7353
0.7588  0.7529  0.7471
53  trn_acc: 0.9926  val_acc: 0.7353  tst_acc: 0.7588
1.0000  0.9985  0.9971
0.7941  0.7794  0.7882
0.7706  0.7647  0.7706
54  trn_acc: 1.0000  val_acc: 0.7941  tst_acc: 0.7706
0.9941  0.9985  0.9985
0.7294  0.7412  0.7706
0.7529  0.7706  0.7176
55  trn_acc: 0.9941  val_acc: 0.7294  tst_acc: 0.7529
1.0000  1.0000  1.0000
0.7500  0.7441  0.7676
0.7971  0.7706  0.7706
56  trn_acc: 1.0000  val_acc: 0.7500  tst_acc: 0.7971
0.9515  0.9868  0.9721
0.7059  0.7294  0.6941
0.7088  0.7471  0.7029
57  trn_acc: 0.9515  val_acc: 0.7059  tst_acc: 0.7088
0.9735  0.9971  0.9985
0.7265  0.7559  0.7588
0.6676  0.7441  0.7500
58  trn_acc: 0.9735  val_acc: 0.7265  tst_acc: 0.6676
0.9912  0.9868  0.9971
0.7647  0.7235  0.7529
0.7500  0.7500  0.7853
59  trn_acc: 0.9912  val_acc: 0.7647  tst_acc: 0.7500
0.9971  1.0000  0.9956
0.8265  0.7853  0.7735
0.8500  0.8059  0.7794
60  trn_acc: 0.9971  val_acc: 0.8265  tst_acc: 0.8500
0.9956  0.9985  1.0000
0.7676  0.8000  0.7529
0.7588  0.7882  0.7676
61  trn_acc: 0.9956  val_acc: 0.7676  tst_acc: 0.7588
1.0000  1.0000  0.9985
0.8147  0.7971  0.7676
0.7706  0.7853  0.7941
62  trn_acc: 1.0000  val_acc: 0.8147  tst_acc: 0.7706
0.8779  0.9309  0.9544
0.5735  0.6147  0.6824
0.5324  0.6118  0.6618
63  trn_acc: 0.8779  val_acc: 0.5735  tst_acc: 0.5324
1.0000  1.0000  0.9941
0.8029  0.7765  0.7294
0.7824  0.7941  0.7294
64  trn_acc: 1.0000  val_acc: 0.8029  tst_acc: 0.7824
0.9647  0.9941  0.9824
0.6853  0.6971  0.7147
0.7118  0.7588  0.7294
65  trn_acc: 0.9647  val_acc: 0.6853  tst_acc: 0.7118
0.9971  0.9985  0.9971
0.7588  0.7706  0.7206
0.7588  0.7382  0.7588
66  trn_acc: 0.9971  val_acc: 0.7588  tst_acc: 0.7588
0.9559  0.9779  0.9779
0.7294  0.7176  0.7088
0.6853  0.7029  0.6824
67  trn_acc: 0.9559  val_acc: 0.7294  tst_acc: 0.6853
0.9985  1.0000  0.9985
0.7647  0.7971  0.7971
0.7882  0.7941  0.7676
68  trn_acc: 0.9985  val_acc: 0.7647  tst_acc: 0.7882
0.9985  0.9985  0.9926
0.7824  0.7706  0.7471
0.7559  0.7882  0.7588
69  trn_acc: 0.9985  val_acc: 0.7824  tst_acc: 0.7559
1.0000  1.0000  1.0000
0.7765  0.8029  0.7824
0.8147  0.7706  0.7794
70  trn_acc: 1.0000  val_acc: 0.7765  tst_acc: 0.8147
0.9971  0.9971  0.9985
0.7735  0.7735  0.7559
0.7794  0.7882  0.7647
71  trn_acc: 0.9971  val_acc: 0.7735  tst_acc: 0.7794
0.9941  0.9971  0.9985
0.7588  0.7941  0.7824
0.7412  0.7412  0.7794
72  trn_acc: 0.9941  val_acc: 0.7588  tst_acc: 0.7412
0.9926  1.0000  1.0000
0.7471  0.7735  0.7735
0.7441  0.7235  0.7618
73  trn_acc: 0.9926  val_acc: 0.7471  tst_acc: 0.7441
1.0000  0.9985  0.9912
0.7176  0.7176  0.7235
0.7441  0.7471  0.7294
74  trn_acc: 1.0000  val_acc: 0.7176  tst_acc: 0.7441
0.9985  0.9985  1.0000
0.7706  0.7676  0.7765
0.7618  0.7618  0.7853
75  trn_acc: 0.9985  val_acc: 0.7706  tst_acc: 0.7618
0.9765  0.9897  0.9397
0.6882  0.7147  0.6588
0.6706  0.7088  0.6294
76  trn_acc: 0.9765  val_acc: 0.6882  tst_acc: 0.6706
0.9985  1.0000  1.0000
0.7676  0.7794  0.7676
0.7676  0.7588  0.7618
77  trn_acc: 0.9985  val_acc: 0.7676  tst_acc: 0.7676
0.9912  0.9956  1.0000
0.7324  0.7000  0.7824
0.7618  0.7559  0.7765
78  trn_acc: 0.9912  val_acc: 0.7324  tst_acc: 0.7618
0.9956  1.0000  1.0000
0.7618  0.7735  0.7824
0.7824  0.7559  0.7618
79  trn_acc: 0.9956  val_acc: 0.7618  tst_acc: 0.7824
1.0000  1.0000  1.0000
0.8059  0.8029  0.7912
0.7824  0.7706  0.7912
80  trn_acc: 1.0000  val_acc: 0.8059  tst_acc: 0.7824
0.9971  0.9971  0.9971
0.7412  0.7441  0.7676
0.7412  0.7235  0.7529
81  trn_acc: 0.9971  val_acc: 0.7412  tst_acc: 0.7412
1.0000  1.0000  1.0000
0.8176  0.7706  0.7706
0.8353  0.8000  0.7735
82  trn_acc: 1.0000  val_acc: 0.8176  tst_acc: 0.8353
0.9956  0.9897  0.9985
0.7412  0.7324  0.7676
0.7412  0.7382  0.7618
83  trn_acc: 0.9956  val_acc: 0.7412  tst_acc: 0.7412
0.9971  1.0000  1.0000
0.7618  0.7676  0.7765
0.7794  0.7971  0.7824
84  trn_acc: 0.9971  val_acc: 0.7618  tst_acc: 0.7794
0.9735  0.9897  0.9691
0.7147  0.7618  0.7000
0.6853  0.7118  0.6559
85  trn_acc: 0.9735  val_acc: 0.7147  tst_acc: 0.6853
1.0000  0.9985  1.0000
0.7559  0.7912  0.7529
0.7588  0.7618  0.7706
86  trn_acc: 1.0000  val_acc: 0.7559  tst_acc: 0.7588
1.0000  1.0000  1.0000
0.7941  0.7853  0.7912
0.8441  0.8118  0.7706
87  trn_acc: 1.0000  val_acc: 0.7941  tst_acc: 0.8441
1.0000  1.0000  1.0000
0.7647  0.7706  0.7765
0.7912  0.7559  0.7588
88  trn_acc: 1.0000  val_acc: 0.7647  tst_acc: 0.7912
1.0000  1.0000  1.0000
0.7941  0.8029  0.8000
0.7794  0.7794  0.8000
89  trn_acc: 1.0000  val_acc: 0.7941  tst_acc: 0.7794
0.9765  0.9912  0.9956
0.7265  0.7500  0.7412
0.7471  0.7324  0.7441
90  trn_acc: 0.9765  val_acc: 0.7265  tst_acc: 0.7471
1.0000  1.0000  1.0000
0.8176  0.8206  0.8118
0.8235  0.8088  0.7765
91  trn_acc: 1.0000  val_acc: 0.8176  tst_acc: 0.8235
1.0000  1.0000  1.0000
0.7971  0.7765  0.7971
0.8176  0.8029  0.8059
92  trn_acc: 1.0000  val_acc: 0.7971  tst_acc: 0.8176
0.9941  0.9897  0.9985
0.7500  0.7294  0.7353
0.7382  0.7353  0.7382
93  trn_acc: 0.9941  val_acc: 0.7500  tst_acc: 0.7382
0.9956  1.0000  0.9985
0.7794  0.7794  0.7853
0.7735  0.7882  0.7706
94  trn_acc: 0.9956  val_acc: 0.7794  tst_acc: 0.7735
0.9971  1.0000  0.9941
0.7618  0.7735  0.7353
0.7882  0.7471  0.7529
95  trn_acc: 0.9971  val_acc: 0.7618  tst_acc: 0.7882
0.9926  0.9897  0.9926
0.7471  0.7294  0.7235
0.7647  0.7353  0.7529
96  trn_acc: 0.9926  val_acc: 0.7471  tst_acc: 0.7647
0.9985  0.9985  1.0000
0.7765  0.7441  0.7618
0.7647  0.7824  0.7676
97  trn_acc: 0.9985  val_acc: 0.7765  tst_acc: 0.7647
1.0000  1.0000  0.9985
0.7941  0.8088  0.8029
0.7618  0.7882  0.7882
98  trn_acc: 1.0000  val_acc: 0.7941  tst_acc: 0.7618
0.9971  1.0000  1.0000
0.7471  0.7500  0.7559
0.7147  0.7471  0.7529
99  trn_acc: 0.9971  val_acc: 0.7471  tst_acc: 0.7147
0.9985  1.0000  1.0000
0.7912  0.7794  0.7912
0.8000  0.8088  0.8059
100  trn_acc: 0.9985  val_acc: 0.7912  tst_acc: 0.8000
1.0000  1.0000  1.0000
0.7647  0.7971  0.7706
0.7912  0.7971  0.7853
101  trn_acc: 1.0000  val_acc: 0.7647  tst_acc: 0.7912
1.0000  1.0000  0.9926
0.7971  0.7794  0.7441
0.8029  0.7647  0.6912
102  trn_acc: 1.0000  val_acc: 0.7971  tst_acc: 0.8029
0.9985  0.9985  1.0000
0.7912  0.8000  0.7971
0.8265  0.8147  0.8118
103  trn_acc: 0.9985  val_acc: 0.7912  tst_acc: 0.8265
1.0000  0.9971  0.9971
0.7735  0.7559  0.7588
0.7824  0.7471  0.7647
104  trn_acc: 1.0000  val_acc: 0.7735  tst_acc: 0.7824
0.9985  0.9985  0.9971
0.7853  0.7588  0.7441
0.7853  0.7824  0.7559
105  trn_acc: 0.9985  val_acc: 0.7853  tst_acc: 0.7853
1.0000  1.0000  1.0000
0.7588  0.7500  0.7382
0.7912  0.7824  0.7647
106  trn_acc: 1.0000  val_acc: 0.7588  tst_acc: 0.7912
0.9985  0.9985  1.0000
0.8176  0.7706  0.7971
0.8147  0.7824  0.7647
107  trn_acc: 0.9985  val_acc: 0.8176  tst_acc: 0.8147
1.0000  1.0000  1.0000
0.8088  0.7971  0.7971
0.8029  0.8118  0.8147
108  trn_acc: 1.0000  val_acc: 0.8088  tst_acc: 0.8029
0.9956  0.9912  0.9985
0.7471  0.7382  0.7500
0.7706  0.7706  0.7618
109  trn_acc: 0.9956  val_acc: 0.7471  tst_acc: 0.7706
0.9971  0.9985  0.9956
0.7353  0.7824  0.7471
0.7500  0.7500  0.7706
110  trn_acc: 0.9971  val_acc: 0.7353  tst_acc: 0.7500
0.9985  0.9985  1.0000
0.7794  0.8029  0.7647
0.7882  0.7794  0.7912
111  trn_acc: 0.9985  val_acc: 0.7794  tst_acc: 0.7882
1.0000  1.0000  0.9985
0.7559  0.7765  0.7824
0.7794  0.7735  0.8118
112  trn_acc: 1.0000  val_acc: 0.7559  tst_acc: 0.7794
1.0000  0.9985  1.0000
0.8176  0.8206  0.7824
0.8294  0.8324  0.7853
113  trn_acc: 1.0000  val_acc: 0.8176  tst_acc: 0.8294
1.0000  1.0000  0.9956
0.8000  0.7735  0.7471
0.8176  0.8088  0.7559
114  trn_acc: 1.0000  val_acc: 0.8000  tst_acc: 0.8176
0.9397  0.9647  0.9338
0.6765  0.6912  0.6176
0.6441  0.6735  0.5912
115  trn_acc: 0.9397  val_acc: 0.6765  tst_acc: 0.6441
1.0000  1.0000  1.0000
0.7735  0.7853  0.7853
0.7441  0.7676  0.7588
116  trn_acc: 1.0000  val_acc: 0.7735  tst_acc: 0.7441
0.9971  1.0000  0.9985
0.7471  0.7559  0.7382
0.7029  0.7088  0.7118
117  trn_acc: 0.9971  val_acc: 0.7471  tst_acc: 0.7029
1.0000  1.0000  1.0000
0.8088  0.8000  0.7912
0.7824  0.8059  0.7824
118  trn_acc: 1.0000  val_acc: 0.8088  tst_acc: 0.7824
1.0000  1.0000  1.0000
0.8294  0.8029  0.8088
0.8294  0.7853  0.8118
119  trn_acc: 1.0000  val_acc: 0.8294  tst_acc: 0.8294
1.0000  1.0000  1.0000
0.7912  0.7382  0.7647
0.7765  0.7676  0.8029
120  trn_acc: 1.0000  val_acc: 0.7912  tst_acc: 0.7765
0.9926  1.0000  0.9971
0.7441  0.7941  0.7647
0.7235  0.7471  0.7441
121  trn_acc: 0.9926  val_acc: 0.7441  tst_acc: 0.7235
0.9985  1.0000  1.0000
0.7618  0.7853  0.7618
0.7676  0.7971  0.7706
122  trn_acc: 0.9985  val_acc: 0.7618  tst_acc: 0.7676
0.9971  0.9971  0.9985
0.7529  0.7882  0.7735
0.8000  0.8059  0.7824
123  trn_acc: 0.9971  val_acc: 0.7529  tst_acc: 0.8000
1.0000  1.0000  0.9971
0.7794  0.7618  0.8029
0.8176  0.7824  0.7853
124  trn_acc: 1.0000  val_acc: 0.7794  tst_acc: 0.8176
0.9985  1.0000  1.0000
0.8059  0.8176  0.8088
0.8147  0.8059  0.7912
125  trn_acc: 0.9985  val_acc: 0.8059  tst_acc: 0.8147
0.9971  0.9971  1.0000
0.8147  0.7765  0.7941
0.8000  0.7559  0.7824
126  trn_acc: 0.9971  val_acc: 0.8147  tst_acc: 0.8000
1.0000  1.0000  1.0000
0.7588  0.7912  0.7941
0.7912  0.7765  0.7853
127  trn_acc: 1.0000  val_acc: 0.7588  tst_acc: 0.7912
0.9971  1.0000  1.0000
0.7735  0.7941  0.7824
0.7824  0.7912  0.7912
128  trn_acc: 0.9971  val_acc: 0.7735  tst_acc: 0.7824
1.0000  1.0000  1.0000
0.7941  0.7971  0.7647
0.7706  0.7706  0.7794
129  trn_acc: 1.0000  val_acc: 0.7941  tst_acc: 0.7706
0.9956  0.9941  0.9912
0.7382  0.7324  0.7029
0.7647  0.7529  0.7324
130  trn_acc: 0.9956  val_acc: 0.7382  tst_acc: 0.7647
1.0000  1.0000  1.0000
0.7765  0.7941  0.7853
0.7941  0.7941  0.8000
131  trn_acc: 1.0000  val_acc: 0.7765  tst_acc: 0.7941
1.0000  0.9985  1.0000
0.7676  0.7588  0.7765
0.7647  0.7471  0.7676
132  trn_acc: 1.0000  val_acc: 0.7676  tst_acc: 0.7647
1.0000  0.9926  0.9824
0.7618  0.7118  0.7265
0.7676  0.7412  0.7147
133  trn_acc: 1.0000  val_acc: 0.7618  tst_acc: 0.7676
0.9926  0.9971  1.0000
0.7794  0.7882  0.7676
0.8000  0.7824  0.7765
134  trn_acc: 0.9926  val_acc: 0.7794  tst_acc: 0.8000
1.0000  1.0000  1.0000
0.8000  0.8029  0.7941
0.8176  0.8088  0.7853
135  trn_acc: 1.0000  val_acc: 0.8000  tst_acc: 0.8176
1.0000  1.0000  1.0000
0.7853  0.8029  0.7824
0.7735  0.7735  0.7912
136  trn_acc: 1.0000  val_acc: 0.7853  tst_acc: 0.7735
0.9985  1.0000  1.0000
0.7824  0.7882  0.7529
0.7882  0.7912  0.7412
137  trn_acc: 0.9985  val_acc: 0.7824  tst_acc: 0.7882
1.0000  1.0000  1.0000
0.7735  0.8147  0.7824
0.7471  0.7794  0.7971
138  trn_acc: 1.0000  val_acc: 0.7735  tst_acc: 0.7471
0.9985  0.9985  1.0000
0.7176  0.7529  0.7706
0.7059  0.7176  0.7235
139  trn_acc: 0.9985  val_acc: 0.7176  tst_acc: 0.7059
0.9985  1.0000  1.0000
0.7824  0.8029  0.7647
0.8059  0.7941  0.7676
140  trn_acc: 0.9985  val_acc: 0.7824  tst_acc: 0.8059
1.0000  1.0000  1.0000
0.7882  0.8118  0.8059
0.8000  0.8235  0.7882
141  trn_acc: 1.0000  val_acc: 0.7882  tst_acc: 0.8000
0.9926  0.9971  1.0000
0.7353  0.7412  0.7559
0.7265  0.7765  0.7794
142  trn_acc: 0.9926  val_acc: 0.7353  tst_acc: 0.7265
1.0000  1.0000  1.0000
0.7853  0.7765  0.7882
0.8000  0.8000  0.8000
143  trn_acc: 1.0000  val_acc: 0.7853  tst_acc: 0.8000
0.9706  0.9941  0.9985
0.7059  0.7412  0.7735
0.6500  0.6971  0.7441
144  trn_acc: 0.9706  val_acc: 0.7059  tst_acc: 0.6500
1.0000  1.0000  1.0000
0.7882  0.7824  0.7618
0.8059  0.7765  0.7676
145  trn_acc: 1.0000  val_acc: 0.7882  tst_acc: 0.8059
0.9971  0.9985  0.9956
0.7824  0.7676  0.7441
0.7706  0.8029  0.7765
146  trn_acc: 0.9971  val_acc: 0.7824  tst_acc: 0.7706
0.9971  1.0000  1.0000
0.7441  0.7588  0.7882
0.7706  0.7441  0.7882
147  trn_acc: 0.9971  val_acc: 0.7441  tst_acc: 0.7706
0.9985  1.0000  1.0000
0.7824  0.7706  0.7676
0.7618  0.7265  0.7324
148  trn_acc: 0.9985  val_acc: 0.7824  tst_acc: 0.7618
1.0000  1.0000  1.0000
0.7971  0.7824  0.7824
0.7647  0.7647  0.7912
149  trn_acc: 1.0000  val_acc: 0.7971  tst_acc: 0.7647
1.0000  0.9971  1.0000
0.7853  0.7706  0.7735
0.7882  0.7588  0.7647
150  trn_acc: 1.0000  val_acc: 0.7853  tst_acc: 0.7882
1.0000  1.0000  1.0000
0.7765  0.7471  0.7647
0.7912  0.8000  0.7706
151  trn_acc: 1.0000  val_acc: 0.7765  tst_acc: 0.7912
0.9971  0.9897  0.9765
0.7500  0.7471  0.7176
0.7647  0.7647  0.7647
152  trn_acc: 0.9971  val_acc: 0.7500  tst_acc: 0.7647
1.0000  0.9956  0.9985
0.7559  0.7500  0.7294
0.7618  0.7559  0.7618
153  trn_acc: 1.0000  val_acc: 0.7559  tst_acc: 0.7618
1.0000  1.0000  1.0000
0.8412  0.8294  0.7941
0.8294  0.8265  0.7853
154  trn_acc: 1.0000  val_acc: 0.8412  tst_acc: 0.8294
1.0000  1.0000  1.0000
0.7971  0.7882  0.7824
0.8000  0.7971  0.7735
155  trn_acc: 1.0000  val_acc: 0.7971  tst_acc: 0.8000
0.9985  0.9926  0.9971
0.7618  0.7529  0.7382
0.7765  0.7735  0.7441
156  trn_acc: 0.9985  val_acc: 0.7618  tst_acc: 0.7765
1.0000  1.0000  1.0000
0.7794  0.7706  0.7941
0.8088  0.8147  0.8147
157  trn_acc: 1.0000  val_acc: 0.7794  tst_acc: 0.8088
1.0000  1.0000  1.0000
0.7941  0.7706  0.7971
0.8118  0.7765  0.7912
158  trn_acc: 1.0000  val_acc: 0.7941  tst_acc: 0.8118
1.0000  1.0000  1.0000
0.7941  0.7853  0.7765
0.8029  0.7676  0.7559
159  trn_acc: 1.0000  val_acc: 0.7941  tst_acc: 0.8029
0.9985  0.9971  1.0000
0.7912  0.7588  0.7618
0.7765  0.7676  0.7647
160  trn_acc: 0.9985  val_acc: 0.7912  tst_acc: 0.7765
1.0000  1.0000  1.0000
0.7882  0.7794  0.7500
0.8059  0.7941  0.7853
161  trn_acc: 1.0000  val_acc: 0.7882  tst_acc: 0.8059
1.0000  1.0000  1.0000
0.7618  0.8147  0.7794
0.7912  0.7676  0.7735
162  trn_acc: 1.0000  val_acc: 0.7618  tst_acc: 0.7912
1.0000  1.0000  1.0000
0.8000  0.8029  0.7765
0.8353  0.7941  0.7824
163  trn_acc: 1.0000  val_acc: 0.8000  tst_acc: 0.8353
0.9985  1.0000  1.0000
0.7765  0.7706  0.7647
0.7941  0.7706  0.7559
164  trn_acc: 0.9985  val_acc: 0.7765  tst_acc: 0.7941
1.0000  1.0000  1.0000
0.8029  0.7941  0.7912
0.8000  0.8000  0.7853
165  trn_acc: 1.0000  val_acc: 0.8029  tst_acc: 0.8000
1.0000  1.0000  1.0000
0.8088  0.7912  0.7971
0.8265  0.8176  0.8147
166  trn_acc: 1.0000  val_acc: 0.8088  tst_acc: 0.8265
0.9956  0.9971  0.9985
0.7412  0.7588  0.7235
0.7206  0.6853  0.7265
167  trn_acc: 0.9956  val_acc: 0.7412  tst_acc: 0.7206
0.9985  1.0000  1.0000
0.7647  0.7500  0.7618
0.7412  0.7294  0.7529
168  trn_acc: 0.9985  val_acc: 0.7647  tst_acc: 0.7412
0.9985  1.0000  1.0000
0.7912  0.7971  0.7824
0.7853  0.7824  0.7794
169  trn_acc: 0.9985  val_acc: 0.7912  tst_acc: 0.7853
0.9956  0.9971  0.9985
0.7676  0.7382  0.7353
0.7618  0.7588  0.7588
170  trn_acc: 0.9956  val_acc: 0.7676  tst_acc: 0.7618
1.0000  1.0000  1.0000
0.7853  0.7941  0.7735
0.8000  0.7882  0.7765
171  trn_acc: 1.0000  val_acc: 0.7853  tst_acc: 0.8000
1.0000  1.0000  1.0000
0.8118  0.7824  0.7706
0.7912  0.7618  0.7471
172  trn_acc: 1.0000  val_acc: 0.8118  tst_acc: 0.7912
1.0000  1.0000  1.0000
0.7882  0.7971  0.7794
0.7912  0.7912  0.7441
173  trn_acc: 1.0000  val_acc: 0.7882  tst_acc: 0.7912
1.0000  1.0000  1.0000
0.8118  0.8088  0.7853
0.8088  0.8235  0.8000
174  trn_acc: 1.0000  val_acc: 0.8118  tst_acc: 0.8088
0.9956  0.9985  1.0000
0.7676  0.7559  0.7353
0.7618  0.7618  0.7294
175  trn_acc: 0.9956  val_acc: 0.7676  tst_acc: 0.7618
1.0000  1.0000  1.0000
0.8000  0.8118  0.8029
0.8147  0.8206  0.8088
176  trn_acc: 1.0000  val_acc: 0.8000  tst_acc: 0.8147
1.0000  1.0000  1.0000
0.7853  0.7853  0.7941
0.8147  0.7912  0.7765
177  trn_acc: 1.0000  val_acc: 0.7853  tst_acc: 0.8147
1.0000  1.0000  1.0000
0.8235  0.8176  0.7853
0.8353  0.8059  0.8000
178  trn_acc: 1.0000  val_acc: 0.8235  tst_acc: 0.8353
0.9765  0.9779  0.9897
0.6941  0.6588  0.6882
0.7706  0.7353  0.7088
179  trn_acc: 0.9765  val_acc: 0.6941  tst_acc: 0.7706
1.0000  1.0000  0.9971
0.7706  0.7706  0.7412
0.8088  0.7824  0.7500
180  trn_acc: 1.0000  val_acc: 0.7706  tst_acc: 0.8088
154 0.8294 0.8412 1.0000 1.0000





getGoogleNet_v1_2like_morebn

Doing: 3
(?, 111, 111, 64)
(?, 56, 56, 64)
(?, 56, 56, 192)
(?, 28, 28, 192)
(?, 28, 28, 256)
(?, 28, 28, 480)
(?, 14, 14, 480)
(?, 14, 14, 512)
(?, 17)
(?, 14, 14, 512)
(?, 14, 14, 512)
(?, 14, 14, 528)
(?, 17)
(?, 14, 14, 832)
(?, 7, 7, 832)
(?, 7, 7, 832)
(?, 7, 7, 1024)
(?, 1, 1, 1024)
(?, 1000)
(?, 17)
0.0588  0.0544  0.0588
0.0588  0.0559  0.0588
0.0588  0.0529  0.0588
1  trn_acc: 0.0588  val_acc: 0.0588  tst_acc: 0.0588
0.1103  0.1265  0.0941
0.1029  0.1147  0.0882
0.1059  0.1206  0.0824
2  trn_acc: 0.1103  val_acc: 0.1029  tst_acc: 0.1059
0.0882  0.1221  0.1735
0.1000  0.1235  0.1794
0.0853  0.1176  0.1618
3  trn_acc: 0.0882  val_acc: 0.1000  tst_acc: 0.0853
0.3412  0.5162  0.5000
0.3618  0.4676  0.4412
0.3265  0.4618  0.4559
4  trn_acc: 0.3412  val_acc: 0.3618  tst_acc: 0.3265
0.3647  0.4294  0.4735
0.3412  0.3647  0.3853
0.3471  0.3912  0.4529
5  trn_acc: 0.3647  val_acc: 0.3412  tst_acc: 0.3471
0.4912  0.6471  0.6647
0.4353  0.5529  0.5588
0.4412  0.5382  0.5618
6  trn_acc: 0.4912  val_acc: 0.4353  tst_acc: 0.4412
0.5000  0.6618  0.7441
0.4618  0.5853  0.6559
0.4706  0.6176  0.6706
7  trn_acc: 0.5000  val_acc: 0.4618  tst_acc: 0.4706
0.5926  0.7118  0.7426
0.5588  0.6176  0.6176
0.5353  0.6206  0.6412
8  trn_acc: 0.5926  val_acc: 0.5588  tst_acc: 0.5353
0.4544  0.5750  0.5882
0.4059  0.5059  0.4912
0.4059  0.5088  0.5265
9  trn_acc: 0.4544  val_acc: 0.4059  tst_acc: 0.4059
0.7588  0.8618  0.8103
0.7059  0.7059  0.6794
0.6647  0.7294  0.6735
10  trn_acc: 0.7588  val_acc: 0.7059  tst_acc: 0.6647
0.5412  0.6485  0.7221
0.4971  0.5676  0.5618
0.5000  0.5235  0.6176
11  trn_acc: 0.5412  val_acc: 0.4971  tst_acc: 0.5000
0.8059  0.8853  0.8912
0.6559  0.7265  0.6882
0.6441  0.7118  0.7353
12  trn_acc: 0.8059  val_acc: 0.6559  tst_acc: 0.6441
0.7941  0.9044  0.8809
0.6441  0.7147  0.6971
0.6588  0.7059  0.7294
13  trn_acc: 0.7941  val_acc: 0.6441  tst_acc: 0.6588
0.5647  0.7544  0.9088
0.4706  0.5765  0.6971
0.4765  0.6029  0.7441
14  trn_acc: 0.5647  val_acc: 0.4706  tst_acc: 0.4765
0.7059  0.8500  0.8382
0.5676  0.6382  0.6706
0.5912  0.7000  0.7029
15  trn_acc: 0.7059  val_acc: 0.5676  tst_acc: 0.5912
0.7382  0.7956  0.9029
0.6353  0.6294  0.7088
0.6500  0.6235  0.7235
16  trn_acc: 0.7382  val_acc: 0.6353  tst_acc: 0.6500
0.6426  0.7044  0.7647
0.5147  0.5765  0.6206
0.5647  0.6029  0.6324
17  trn_acc: 0.6426  val_acc: 0.5147  tst_acc: 0.5647
0.8985  0.9206  0.9353
0.7412  0.7206  0.7029
0.7676  0.7324  0.7353
18  trn_acc: 0.8985  val_acc: 0.7412  tst_acc: 0.7676
0.8809  0.9603  0.9618
0.7147  0.7441  0.7500
0.7147  0.7588  0.7471
19  trn_acc: 0.8809  val_acc: 0.7147  tst_acc: 0.7147
0.7676  0.8485  0.8382
0.6029  0.6647  0.6412
0.6353  0.6647  0.6794
20  trn_acc: 0.7676  val_acc: 0.6029  tst_acc: 0.6353
0.9015  0.9632  0.9721
0.6941  0.7235  0.7265
0.6941  0.7500  0.7794
21  trn_acc: 0.9015  val_acc: 0.6941  tst_acc: 0.6941
0.9632  0.9838  0.9574
0.7412  0.7559  0.7235
0.8088  0.8235  0.7853
22  trn_acc: 0.9632  val_acc: 0.7412  tst_acc: 0.8088
0.5941  0.6853  0.7162
0.4559  0.5441  0.5559
0.4882  0.5471  0.5706
23  trn_acc: 0.5941  val_acc: 0.4559  tst_acc: 0.4882
0.9279  0.9515  0.9735
0.7265  0.7382  0.7618
0.7353  0.7647  0.7882
24  trn_acc: 0.9279  val_acc: 0.7265  tst_acc: 0.7353
0.9191  0.9853  0.9588
0.6765  0.7059  0.7147
0.7382  0.7647  0.7412
25  trn_acc: 0.9191  val_acc: 0.6765  tst_acc: 0.7382
0.9426  0.9765  0.9809
0.7147  0.7471  0.7529
0.7206  0.7853  0.7706
26  trn_acc: 0.9426  val_acc: 0.7147  tst_acc: 0.7206
0.9412  0.9941  0.9853
0.7088  0.7588  0.7294
0.7529  0.7882  0.7882
27  trn_acc: 0.9412  val_acc: 0.7088  tst_acc: 0.7529
0.7618  0.8691  0.8868
0.5676  0.6235  0.6353
0.5706  0.6794  0.6500
28  trn_acc: 0.7618  val_acc: 0.5676  tst_acc: 0.5706
0.9441  0.9926  0.9765
0.7353  0.7294  0.7294
0.8059  0.8265  0.8000
29  trn_acc: 0.9441  val_acc: 0.7353  tst_acc: 0.8059
0.8662  0.9618  0.9838
0.6853  0.7118  0.7412
0.6971  0.7647  0.8059
30  trn_acc: 0.8662  val_acc: 0.6853  tst_acc: 0.6971
0.9324  0.9324  0.9441
0.7088  0.7000  0.7059
0.7235  0.7235  0.7324
31  trn_acc: 0.9324  val_acc: 0.7088  tst_acc: 0.7235
0.9838  0.9985  0.9956
0.8000  0.7882  0.7735
0.8147  0.8324  0.8088
32  trn_acc: 0.9838  val_acc: 0.8000  tst_acc: 0.8147
0.9456  0.9647  0.9985
0.7265  0.6941  0.7618
0.7206  0.7324  0.8206
33  trn_acc: 0.9456  val_acc: 0.7265  tst_acc: 0.7206
0.9985  1.0000  0.9971
0.8147  0.8059  0.7559
0.8559  0.8441  0.8441
34  trn_acc: 0.9985  val_acc: 0.8147  tst_acc: 0.8559
0.9750  0.9868  0.9632
0.7824  0.7441  0.7029
0.7824  0.7676  0.7735
35  trn_acc: 0.9750  val_acc: 0.7824  tst_acc: 0.7824
0.9794  0.9926  0.9897
0.7794  0.7618  0.7412
0.8176  0.8000  0.7971
36  trn_acc: 0.9794  val_acc: 0.7794  tst_acc: 0.8176
0.9529  0.9985  0.9956
0.7029  0.7529  0.7618
0.7647  0.8294  0.8588
37  trn_acc: 0.9529  val_acc: 0.7029  tst_acc: 0.7647
0.9809  0.9838  0.9809
0.7147  0.7471  0.7235
0.7647  0.7853  0.7559
38  trn_acc: 0.9809  val_acc: 0.7147  tst_acc: 0.7647
0.9926  0.9941  0.9809
0.7824  0.7471  0.7235
0.8206  0.7971  0.7529
39  trn_acc: 0.9926  val_acc: 0.7824  tst_acc: 0.8206
0.9191  0.9706  0.8618
0.6912  0.7294  0.6529
0.6824  0.7294  0.6412
40  trn_acc: 0.9191  val_acc: 0.6912  tst_acc: 0.6824
0.9691  0.9956  0.9897
0.7059  0.7353  0.7324
0.7471  0.7618  0.7735
41  trn_acc: 0.9691  val_acc: 0.7059  tst_acc: 0.7471
0.9971  0.9985  0.9971
0.7853  0.7794  0.7588
0.8088  0.8265  0.8059
42  trn_acc: 0.9971  val_acc: 0.7853  tst_acc: 0.8088
0.8500  0.9706  0.9941
0.6706  0.7382  0.7647
0.6882  0.7647  0.7971
43  trn_acc: 0.8500  val_acc: 0.6706  tst_acc: 0.6882
0.9809  0.9603  0.9809
0.7265  0.6824  0.7029
0.7735  0.7324  0.7618
44  trn_acc: 0.9809  val_acc: 0.7265  tst_acc: 0.7735
0.9265  0.9809  0.9956
0.6941  0.7647  0.7765
0.7147  0.7676  0.7912
45  trn_acc: 0.9265  val_acc: 0.6941  tst_acc: 0.7147
0.9500  0.9794  0.9765
0.6794  0.7147  0.6941
0.7294  0.7618  0.7471
46  trn_acc: 0.9500  val_acc: 0.6794  tst_acc: 0.7294
0.9294  0.9971  0.9985
0.6971  0.7735  0.7618
0.6971  0.8088  0.7971
47  trn_acc: 0.9294  val_acc: 0.6971  tst_acc: 0.6971
0.9956  0.9941  0.9868
0.7882  0.8118  0.7706
0.8235  0.8441  0.8088
48  trn_acc: 0.9956  val_acc: 0.7882  tst_acc: 0.8235
1.0000  1.0000  1.0000
0.7794  0.7824  0.7912
0.8412  0.8294  0.8265
49  trn_acc: 1.0000  val_acc: 0.7794  tst_acc: 0.8412
0.9147  0.9750  0.9838
0.6529  0.7265  0.7529
0.7324  0.7765  0.8088
50  trn_acc: 0.9147  val_acc: 0.6529  tst_acc: 0.7324
0.9956  0.9971  0.9941
0.7853  0.7765  0.7588
0.8382  0.8500  0.8235
51  trn_acc: 0.9956  val_acc: 0.7853  tst_acc: 0.8382
0.9971  1.0000  0.9985
0.7824  0.7706  0.7647
0.8029  0.8412  0.8235
52  trn_acc: 0.9971  val_acc: 0.7824  tst_acc: 0.8029
0.9985  1.0000  1.0000
0.8118  0.8088  0.7912
0.8412  0.8529  0.8412
53  trn_acc: 0.9985  val_acc: 0.8118  tst_acc: 0.8412
0.9779  0.9941  0.9956
0.7706  0.8118  0.7735
0.7765  0.8294  0.8000
54  trn_acc: 0.9779  val_acc: 0.7706  tst_acc: 0.7765
0.9515  0.9868  0.9956
0.7618  0.7647  0.7441
0.7765  0.7941  0.8059
55  trn_acc: 0.9515  val_acc: 0.7618  tst_acc: 0.7765
0.9809  1.0000  0.9971
0.7412  0.7471  0.7294
0.7824  0.8059  0.8059
56  trn_acc: 0.9809  val_acc: 0.7412  tst_acc: 0.7824
0.9676  0.9868  0.9956
0.7529  0.7853  0.7529
0.7735  0.8029  0.8059
57  trn_acc: 0.9676  val_acc: 0.7529  tst_acc: 0.7735
0.9603  0.9956  0.9971
0.7265  0.7353  0.7471
0.7294  0.7971  0.7647
58  trn_acc: 0.9603  val_acc: 0.7265  tst_acc: 0.7294
0.9779  0.9926  1.0000
0.7647  0.7618  0.7529
0.7706  0.7882  0.8147
59  trn_acc: 0.9779  val_acc: 0.7647  tst_acc: 0.7706
0.9971  0.9985  1.0000
0.7765  0.7559  0.7235
0.8235  0.8176  0.7824
60  trn_acc: 0.9971  val_acc: 0.7765  tst_acc: 0.8235
1.0000  1.0000  0.9985
0.8147  0.8118  0.7853
0.8412  0.8500  0.8412
61  trn_acc: 1.0000  val_acc: 0.8147  tst_acc: 0.8412
0.9956  0.9971  0.9926
0.7735  0.7706  0.7324
0.8206  0.8088  0.8029
62  trn_acc: 0.9956  val_acc: 0.7735  tst_acc: 0.8206
0.9632  0.9794  0.9985
0.7412  0.7412  0.7647
0.7794  0.7706  0.8059
63  trn_acc: 0.9632  val_acc: 0.7412  tst_acc: 0.7794
0.9956  1.0000  0.9985
0.7882  0.7794  0.7824
0.8147  0.7971  0.8147
64  trn_acc: 0.9956  val_acc: 0.7882  tst_acc: 0.8147
0.9941  0.9985  1.0000
0.7676  0.7441  0.7765
0.7824  0.8088  0.8324
65  trn_acc: 0.9941  val_acc: 0.7676  tst_acc: 0.7824
0.9985  1.0000  0.9971
0.7853  0.7853  0.7500
0.8029  0.8059  0.7735
66  trn_acc: 0.9985  val_acc: 0.7853  tst_acc: 0.8029
0.9485  0.9750  0.9941
0.7059  0.7529  0.7794
0.7088  0.7882  0.8235
67  trn_acc: 0.9485  val_acc: 0.7059  tst_acc: 0.7088
0.9926  1.0000  1.0000
0.7706  0.7882  0.7824
0.8029  0.8382  0.8147
68  trn_acc: 0.9926  val_acc: 0.7706  tst_acc: 0.8029
1.0000  0.9985  0.9985
0.7912  0.7794  0.7588
0.8471  0.8147  0.8206
69  trn_acc: 1.0000  val_acc: 0.7912  tst_acc: 0.8471
1.0000  1.0000  1.0000
0.8118  0.8000  0.7794
0.8206  0.8324  0.8206
70  trn_acc: 1.0000  val_acc: 0.8118  tst_acc: 0.8206
0.9956  1.0000  0.9971
0.7882  0.7971  0.7618
0.8294  0.8353  0.7882
71  trn_acc: 0.9956  val_acc: 0.7882  tst_acc: 0.8294
0.9941  0.9956  1.0000
0.7647  0.7588  0.7529
0.7941  0.8029  0.8382
72  trn_acc: 0.9941  val_acc: 0.7647  tst_acc: 0.7941
0.9926  0.9926  0.9985
0.7794  0.7765  0.7559
0.8235  0.8206  0.8324
73  trn_acc: 0.9926  val_acc: 0.7794  tst_acc: 0.8235
0.9897  0.9838  0.9912
0.8118  0.7735  0.7294
0.8059  0.8176  0.7941
74  trn_acc: 0.9897  val_acc: 0.8118  tst_acc: 0.8059
0.9971  0.9971  0.9765
0.7647  0.7618  0.7265
0.8294  0.8118  0.7559
75  trn_acc: 0.9971  val_acc: 0.7647  tst_acc: 0.8294
0.9956  0.9941  0.9985
0.7794  0.7647  0.7500
0.7941  0.8206  0.8176
76  trn_acc: 0.9956  val_acc: 0.7794  tst_acc: 0.7941
1.0000  1.0000  1.0000
0.7941  0.8059  0.7500
0.8353  0.8412  0.8294
77  trn_acc: 1.0000  val_acc: 0.7941  tst_acc: 0.8353
0.9721  0.9794  0.9971
0.7647  0.7735  0.7706
0.7853  0.7824  0.7853
78  trn_acc: 0.9721  val_acc: 0.7647  tst_acc: 0.7853
0.9985  1.0000  1.0000
0.7882  0.7588  0.7500
0.8059  0.7941  0.8088
79  trn_acc: 0.9985  val_acc: 0.7882  tst_acc: 0.8059
1.0000  0.9985  0.9985
0.8176  0.7882  0.7500
0.8324  0.7971  0.7735
80  trn_acc: 1.0000  val_acc: 0.8176  tst_acc: 0.8324
0.9985  1.0000  1.0000
0.8176  0.8147  0.7206
0.8235  0.8353  0.7853
81  trn_acc: 0.9985  val_acc: 0.8176  tst_acc: 0.8235
1.0000  1.0000  0.9941
0.7941  0.7706  0.7176
0.8118  0.8059  0.7794
82  trn_acc: 1.0000  val_acc: 0.7941  tst_acc: 0.8118
0.9985  1.0000  0.9985
0.8294  0.8176  0.7618
0.8176  0.8353  0.8294
83  trn_acc: 0.9985  val_acc: 0.8294  tst_acc: 0.8176
0.9985  0.9956  0.9412
0.7824  0.7382  0.6735
0.7941  0.7912  0.7265
84  trn_acc: 0.9985  val_acc: 0.7824  tst_acc: 0.7941
0.9912  0.9956  1.0000
0.7529  0.7618  0.7647
0.8029  0.8059  0.8000
85  trn_acc: 0.9912  val_acc: 0.7529  tst_acc: 0.8029
0.9926  0.9941  0.9971
0.7765  0.7794  0.7588
0.8029  0.7941  0.7941
86  trn_acc: 0.9926  val_acc: 0.7765  tst_acc: 0.8029
0.9926  0.9971  0.9912
0.7765  0.7824  0.7412
0.7941  0.7941  0.7735
87  trn_acc: 0.9926  val_acc: 0.7765  tst_acc: 0.7941
1.0000  0.9985  1.0000
0.8088  0.7941  0.7294
0.8265  0.8294  0.8176
88  trn_acc: 1.0000  val_acc: 0.8088  tst_acc: 0.8265
1.0000  1.0000  1.0000
0.7765  0.7735  0.7676
0.7824  0.8029  0.7941
89  trn_acc: 1.0000  val_acc: 0.7765  tst_acc: 0.7824
1.0000  0.9985  0.9956
0.7971  0.7912  0.7588
0.8294  0.8500  0.7882
90  trn_acc: 1.0000  val_acc: 0.7971  tst_acc: 0.8294
1.0000  1.0000  1.0000
0.8118  0.7912  0.7912
0.8559  0.8529  0.8529
91  trn_acc: 1.0000  val_acc: 0.8118  tst_acc: 0.8559
1.0000  1.0000  1.0000
0.7971  0.7882  0.8059
0.8588  0.8588  0.8647
92  trn_acc: 1.0000  val_acc: 0.7971  tst_acc: 0.8588
0.9853  0.9985  0.9721
0.7559  0.7588  0.7353
0.7824  0.8206  0.7706
93  trn_acc: 0.9853  val_acc: 0.7559  tst_acc: 0.7824
0.9603  0.9868  0.9618
0.6971  0.7500  0.6912
0.7529  0.7765  0.7294
94  trn_acc: 0.9603  val_acc: 0.6971  tst_acc: 0.7529
0.9985  0.9971  0.9971
0.7882  0.7676  0.7559
0.8206  0.7824  0.7941
95  trn_acc: 0.9985  val_acc: 0.7882  tst_acc: 0.8206
0.9971  1.0000  1.0000
0.7853  0.7794  0.7559
0.8353  0.8206  0.8176
96  trn_acc: 0.9971  val_acc: 0.7853  tst_acc: 0.8353
1.0000  1.0000  1.0000
0.8118  0.8206  0.7912
0.8206  0.8235  0.8235
97  trn_acc: 1.0000  val_acc: 0.8118  tst_acc: 0.8206
1.0000  0.9971  1.0000
0.7676  0.7647  0.7706
0.8000  0.7882  0.7941
98  trn_acc: 1.0000  val_acc: 0.7676  tst_acc: 0.8000
0.9985  0.9985  1.0000
0.7912  0.7618  0.7471
0.8147  0.8176  0.8176
99  trn_acc: 0.9985  val_acc: 0.7912  tst_acc: 0.8147
1.0000  1.0000  1.0000
0.8000  0.7912  0.7765
0.8206  0.8147  0.8118
100  trn_acc: 1.0000  val_acc: 0.8000  tst_acc: 0.8206
0.9985  0.9941  0.9985
0.7500  0.7588  0.7265
0.7912  0.7853  0.7824
101  trn_acc: 0.9985  val_acc: 0.7500  tst_acc: 0.7912
0.9971  0.9985  0.9985
0.7559  0.7588  0.7618
0.7794  0.7912  0.8353
102  trn_acc: 0.9971  val_acc: 0.7559  tst_acc: 0.7794
0.9559  0.9971  0.9926
0.7235  0.7412  0.7382
0.7529  0.7794  0.7618
103  trn_acc: 0.9559  val_acc: 0.7235  tst_acc: 0.7529
1.0000  1.0000  1.0000
0.8059  0.7882  0.8000
0.8382  0.8500  0.8500
104  trn_acc: 1.0000  val_acc: 0.8059  tst_acc: 0.8382
1.0000  1.0000  0.9985
0.8147  0.7588  0.7676
0.8353  0.8382  0.8353
105  trn_acc: 1.0000  val_acc: 0.8147  tst_acc: 0.8353
0.9985  1.0000  0.9985
0.7853  0.7706  0.7618
0.8382  0.8147  0.8059
106  trn_acc: 0.9985  val_acc: 0.7853  tst_acc: 0.8382
1.0000  1.0000  0.9985
0.8000  0.8000  0.7529
0.8235  0.8235  0.8206
107  trn_acc: 1.0000  val_acc: 0.8000  tst_acc: 0.8235
1.0000  1.0000  1.0000
0.8147  0.8118  0.7794
0.8441  0.8265  0.8500
108  trn_acc: 1.0000  val_acc: 0.8147  tst_acc: 0.8441
1.0000  1.0000  0.9985
0.7941  0.7882  0.7853
0.8235  0.8353  0.8147
109  trn_acc: 1.0000  val_acc: 0.7941  tst_acc: 0.8235
0.9147  0.9765  0.9794
0.6912  0.7059  0.7000
0.7029  0.7559  0.7794
110  trn_acc: 0.9147  val_acc: 0.6912  tst_acc: 0.7029
0.9941  1.0000  1.0000
0.7765  0.7882  0.7706
0.7824  0.8265  0.8324
111  trn_acc: 0.9941  val_acc: 0.7765  tst_acc: 0.7824
1.0000  1.0000  1.0000
0.8147  0.7882  0.7824
0.8559  0.8647  0.8324
112  trn_acc: 1.0000  val_acc: 0.8147  tst_acc: 0.8559
0.9868  0.9985  0.9971
0.7559  0.8029  0.7588
0.7794  0.8353  0.8294
113  trn_acc: 0.9868  val_acc: 0.7559  tst_acc: 0.7794
0.9912  0.9926  0.9941
0.7324  0.7147  0.7265
0.7324  0.7529  0.7706
114  trn_acc: 0.9912  val_acc: 0.7324  tst_acc: 0.7324
1.0000  1.0000  1.0000
0.8206  0.8088  0.7794
0.8529  0.8529  0.8412
115  trn_acc: 1.0000  val_acc: 0.8206  tst_acc: 0.8529
0.9956  1.0000  1.0000
0.8000  0.8059  0.7853
0.7971  0.8294  0.8265
116  trn_acc: 0.9956  val_acc: 0.8000  tst_acc: 0.7971
0.9529  0.9853  0.9897
0.7471  0.7559  0.7441
0.7353  0.7559  0.7794
117  trn_acc: 0.9529  val_acc: 0.7471  tst_acc: 0.7353
1.0000  1.0000  1.0000
0.7853  0.7706  0.7588
0.8382  0.8324  0.8324
118  trn_acc: 1.0000  val_acc: 0.7853  tst_acc: 0.8382
0.9941  0.9971  1.0000
0.7441  0.7412  0.7500
0.7794  0.8029  0.8118
119  trn_acc: 0.9941  val_acc: 0.7441  tst_acc: 0.7794
0.9956  1.0000  1.0000
0.8029  0.7735  0.7882
0.8118  0.8206  0.8294
120  trn_acc: 0.9956  val_acc: 0.8029  tst_acc: 0.8118
0.9897  0.9985  0.9985
0.7500  0.7235  0.7559
0.8000  0.7853  0.8088
121  trn_acc: 0.9897  val_acc: 0.7500  tst_acc: 0.8000
1.0000  1.0000  1.0000
0.8176  0.7912  0.7765
0.8412  0.8324  0.8265
122  trn_acc: 1.0000  val_acc: 0.8176  tst_acc: 0.8412
1.0000  0.9985  1.0000
0.7912  0.7618  0.7618
0.8147  0.7941  0.7912
123  trn_acc: 1.0000  val_acc: 0.7912  tst_acc: 0.8147
1.0000  1.0000  1.0000
0.8029  0.8000  0.7912
0.8471  0.8353  0.8471
124  trn_acc: 1.0000  val_acc: 0.8029  tst_acc: 0.8471
1.0000  1.0000  1.0000
0.7971  0.7912  0.7706
0.8353  0.8088  0.8324
125  trn_acc: 1.0000  val_acc: 0.7971  tst_acc: 0.8353
0.9985  0.9985  1.0000
0.8147  0.7971  0.7794
0.8176  0.8235  0.8471
126  trn_acc: 0.9985  val_acc: 0.8147  tst_acc: 0.8176
1.0000  0.9985  0.9779
0.7882  0.7588  0.6882
0.8088  0.8059  0.7353
127  trn_acc: 1.0000  val_acc: 0.7882  tst_acc: 0.8088
1.0000  1.0000  1.0000
0.8147  0.8059  0.7882
0.8529  0.8441  0.8235
128  trn_acc: 1.0000  val_acc: 0.8147  tst_acc: 0.8529
0.9985  1.0000  1.0000
0.8176  0.8029  0.7765
0.8529  0.8559  0.8265
129  trn_acc: 0.9985  val_acc: 0.8176  tst_acc: 0.8529
1.0000  1.0000  1.0000
0.8029  0.7853  0.7765
0.8412  0.8353  0.8088
130  trn_acc: 1.0000  val_acc: 0.8029  tst_acc: 0.8412
0.9971  1.0000  1.0000
0.8000  0.8000  0.7735
0.8059  0.8324  0.8353
131  trn_acc: 0.9971  val_acc: 0.8000  tst_acc: 0.8059
1.0000  1.0000  1.0000
0.8088  0.7735  0.7706
0.8529  0.8559  0.8265
132  trn_acc: 1.0000  val_acc: 0.8088  tst_acc: 0.8529
1.0000  1.0000  1.0000
0.7824  0.7882  0.7676
0.8059  0.8382  0.8294
133  trn_acc: 1.0000  val_acc: 0.7824  tst_acc: 0.8059
0.9882  0.9985  1.0000
0.7618  0.7500  0.7647
0.8176  0.7735  0.7941
134  trn_acc: 0.9882  val_acc: 0.7618  tst_acc: 0.8176
0.9985  0.9985  0.9985
0.7794  0.7882  0.7941
0.8412  0.8382  0.8324
135  trn_acc: 0.9985  val_acc: 0.7794  tst_acc: 0.8412
0.9985  1.0000  1.0000
0.7824  0.7794  0.7735
0.8559  0.8382  0.8412
136  trn_acc: 0.9985  val_acc: 0.7824  tst_acc: 0.8559
1.0000  1.0000  1.0000
0.8147  0.7735  0.7971
0.8500  0.8441  0.8324
137  trn_acc: 1.0000  val_acc: 0.8147  tst_acc: 0.8500
1.0000  1.0000  1.0000
0.8265  0.7941  0.8029
0.8324  0.8176  0.8235
138  trn_acc: 1.0000  val_acc: 0.8265  tst_acc: 0.8324
1.0000  1.0000  0.9971
0.7794  0.7941  0.7500
0.8206  0.8324  0.7765
139  trn_acc: 1.0000  val_acc: 0.7794  tst_acc: 0.8206
0.9971  1.0000  1.0000
0.7853  0.7912  0.7941
0.7941  0.8412  0.8265
140  trn_acc: 0.9971  val_acc: 0.7853  tst_acc: 0.7941
0.9956  1.0000  1.0000
0.7824  0.7765  0.7706
0.7941  0.8324  0.8294
141  trn_acc: 0.9956  val_acc: 0.7824  tst_acc: 0.7941
1.0000  1.0000  1.0000
0.8029  0.7794  0.7588
0.8588  0.8500  0.8176
142  trn_acc: 1.0000  val_acc: 0.8029  tst_acc: 0.8588
1.0000  1.0000  1.0000
0.8118  0.7912  0.7735
0.8706  0.8765  0.8353
143  trn_acc: 1.0000  val_acc: 0.8118  tst_acc: 0.8706
1.0000  1.0000  1.0000
0.8088  0.7853  0.7706
0.8647  0.8765  0.8324
144  trn_acc: 1.0000  val_acc: 0.8088  tst_acc: 0.8647
1.0000  1.0000  1.0000
0.7941  0.8000  0.7882
0.8382  0.8441  0.8235
145  trn_acc: 1.0000  val_acc: 0.7941  tst_acc: 0.8382
1.0000  1.0000  1.0000
0.8118  0.7824  0.7735
0.8529  0.8559  0.7971
146  trn_acc: 1.0000  val_acc: 0.8118  tst_acc: 0.8529
1.0000  1.0000  1.0000
0.8176  0.8118  0.7529
0.8294  0.8324  0.7971
147  trn_acc: 1.0000  val_acc: 0.8176  tst_acc: 0.8294
1.0000  1.0000  1.0000
0.8294  0.8147  0.7882
0.8618  0.8529  0.8353
148  trn_acc: 1.0000  val_acc: 0.8294  tst_acc: 0.8618
1.0000  1.0000  1.0000
0.8294  0.8118  0.7765
0.8324  0.8265  0.8059
149  trn_acc: 1.0000  val_acc: 0.8294  tst_acc: 0.8324
0.9956  0.9985  0.9926
0.7529  0.7706  0.7824
0.7647  0.8118  0.7765
150  trn_acc: 0.9956  val_acc: 0.7529  tst_acc: 0.7647
1.0000  1.0000  1.0000
0.8206  0.8059  0.7912
0.8118  0.8382  0.8147
151  trn_acc: 1.0000  val_acc: 0.8206  tst_acc: 0.8118
0.9926  1.0000  0.9971
0.7824  0.7824  0.7412
0.7912  0.8118  0.8147
152  trn_acc: 0.9926  val_acc: 0.7824  tst_acc: 0.7912
1.0000  1.0000  1.0000
0.8353  0.7971  0.7882
0.8353  0.8412  0.8353
153  trn_acc: 1.0000  val_acc: 0.8353  tst_acc: 0.8353
1.0000  1.0000  1.0000
0.8029  0.7706  0.7382
0.8235  0.8471  0.8206
154  trn_acc: 1.0000  val_acc: 0.8029  tst_acc: 0.8235
0.9985  1.0000  0.9985
0.7971  0.7824  0.7706
0.8235  0.8382  0.8147
155  trn_acc: 0.9985  val_acc: 0.7971  tst_acc: 0.8235
1.0000  1.0000  1.0000
0.7588  0.7618  0.7529
0.8206  0.8353  0.8412
156  trn_acc: 1.0000  val_acc: 0.7588  tst_acc: 0.8206
1.0000  1.0000  1.0000
0.8382  0.8088  0.7765
0.8471  0.8471  0.8059
157  trn_acc: 1.0000  val_acc: 0.8382  tst_acc: 0.8471
1.0000  1.0000  1.0000
0.7941  0.7882  0.7500
0.8265  0.8529  0.7912
158  trn_acc: 1.0000  val_acc: 0.7941  tst_acc: 0.8265
1.0000  1.0000  1.0000
0.8294  0.8176  0.7971
0.8706  0.8706  0.8412
159  trn_acc: 1.0000  val_acc: 0.8294  tst_acc: 0.8706
1.0000  1.0000  1.0000
0.8029  0.8000  0.7500
0.8382  0.8176  0.8206
160  trn_acc: 1.0000  val_acc: 0.8029  tst_acc: 0.8382
1.0000  1.0000  1.0000
0.8000  0.7853  0.7647
0.8353  0.8353  0.8147
161  trn_acc: 1.0000  val_acc: 0.8000  tst_acc: 0.8353
1.0000  1.0000  1.0000
0.7794  0.8059  0.7824
0.8324  0.8353  0.8059
162  trn_acc: 1.0000  val_acc: 0.7794  tst_acc: 0.8324
1.0000  1.0000  1.0000
0.8118  0.8059  0.8059
0.8412  0.8441  0.8324
163  trn_acc: 1.0000  val_acc: 0.8118  tst_acc: 0.8412
0.9985  1.0000  0.9985
0.8059  0.7735  0.7765
0.8265  0.8176  0.7853
164  trn_acc: 0.9985  val_acc: 0.8059  tst_acc: 0.8265
0.9750  0.9853  1.0000
0.7147  0.7559  0.7500
0.7706  0.7912  0.8059
165  trn_acc: 0.9750  val_acc: 0.7147  tst_acc: 0.7706
1.0000  1.0000  1.0000
0.8147  0.7676  0.7618
0.8529  0.7971  0.8176
166  trn_acc: 1.0000  val_acc: 0.8147  tst_acc: 0.8529
0.9971  0.9971  0.9971
0.7941  0.7941  0.7500
0.8265  0.8206  0.7912
167  trn_acc: 0.9971  val_acc: 0.7941  tst_acc: 0.8265
1.0000  1.0000  1.0000
0.8206  0.8029  0.7971
0.8412  0.8353  0.8294
168  trn_acc: 1.0000  val_acc: 0.8206  tst_acc: 0.8412
0.9824  0.9971  0.9985
0.7147  0.7324  0.7412
0.7441  0.7765  0.8029
169  trn_acc: 0.9824  val_acc: 0.7147  tst_acc: 0.7441
0.9971  1.0000  0.9956
0.7941  0.7882  0.7294
0.8176  0.8206  0.7706
170  trn_acc: 0.9971  val_acc: 0.7941  tst_acc: 0.8176
0.9971  0.9985  1.0000
0.7912  0.7941  0.7735
0.8088  0.8059  0.8176
171  trn_acc: 0.9971  val_acc: 0.7912  tst_acc: 0.8088
1.0000  1.0000  1.0000
0.8471  0.8206  0.8059
0.8618  0.8500  0.8529
172  trn_acc: 1.0000  val_acc: 0.8471  tst_acc: 0.8618
0.9971  1.0000  1.0000
0.7794  0.7706  0.7588
0.8206  0.8265  0.8088
173  trn_acc: 0.9971  val_acc: 0.7794  tst_acc: 0.8206
1.0000  1.0000  0.9985
0.7853  0.7853  0.7529
0.8324  0.8029  0.7794
174  trn_acc: 1.0000  val_acc: 0.7853  tst_acc: 0.8324
0.9985  1.0000  1.0000
0.8088  0.8000  0.8059
0.8676  0.8382  0.8412
175  trn_acc: 0.9985  val_acc: 0.8088  tst_acc: 0.8676
1.0000  1.0000  1.0000
0.8059  0.7912  0.7735
0.8618  0.8294  0.8441
176  trn_acc: 1.0000  val_acc: 0.8059  tst_acc: 0.8618
1.0000  1.0000  1.0000
0.8235  0.7971  0.7882
0.8735  0.8676  0.8559
177  trn_acc: 1.0000  val_acc: 0.8235  tst_acc: 0.8735
1.0000  1.0000  1.0000
0.8176  0.7941  0.7765
0.8588  0.8294  0.8324
178  trn_acc: 1.0000  val_acc: 0.8176  tst_acc: 0.8588
1.0000  1.0000  1.0000
0.8059  0.7647  0.7412
0.8294  0.8176  0.8324
179  trn_acc: 1.0000  val_acc: 0.8059  tst_acc: 0.8294
1.0000  1.0000  1.0000
0.8206  0.8118  0.7529
0.8529  0.8353  0.8029
180  trn_acc: 1.0000  val_acc: 0.8206  tst_acc: 0.8529
172 0.8618 0.8471 1.0000 1.0000
