


getGoogleNet_v1_2like_allbn

Doing: 1
(?, 111, 111, 64)
(?, 56, 56, 64)
(?, 56, 56, 192)
(?, 28, 28, 192)
(?, 28, 28, 256)
(?, 28, 28, 480)
(?, 14, 14, 480)
(?, 14, 14, 512)
(?, 17)
(?, 14, 14, 512)
(?, 14, 14, 512)
(?, 14, 14, 528)
(?, 17)
(?, 14, 14, 832)
(?, 7, 7, 832)
(?, 7, 7, 832)
(?, 7, 7, 1024)
(?, 1, 1, 1024)
(?, 1000)
(?, 17)
0.0588  0.0588  0.0765
0.0588  0.0588  0.0824
0.0588  0.0588  0.0735
1  trn_acc: 0.0588  val_acc: 0.0588  tst_acc: 0.0588
0.0941  0.1088  0.1706
0.0882  0.1118  0.1500
0.1000  0.1176  0.1676
2  trn_acc: 0.0941  val_acc: 0.0882  tst_acc: 0.1000
0.1559  0.2897  0.3088
0.1353  0.2500  0.2647
0.1559  0.2882  0.2912
3  trn_acc: 0.1559  val_acc: 0.1353  tst_acc: 0.1559
0.3397  0.4382  0.4691
0.2794  0.3618  0.3676
0.3353  0.4176  0.4176
4  trn_acc: 0.3397  val_acc: 0.2794  tst_acc: 0.3353
0.4559  0.6015  0.6221
0.3647  0.4647  0.5265
0.3882  0.5265  0.5559
5  trn_acc: 0.4559  val_acc: 0.3647  tst_acc: 0.3882
0.4574  0.5956  0.5441
0.3941  0.4941  0.4441
0.4088  0.5588  0.5118
6  trn_acc: 0.4574  val_acc: 0.3941  tst_acc: 0.4088
0.5676  0.7176  0.7574
0.4824  0.5735  0.5824
0.5294  0.6294  0.6353
7  trn_acc: 0.5676  val_acc: 0.4824  tst_acc: 0.5294
0.6971  0.7735  0.7735
0.5941  0.6059  0.6029
0.6529  0.6676  0.6618
8  trn_acc: 0.6971  val_acc: 0.5941  tst_acc: 0.6529
0.6059  0.7868  0.8441
0.5147  0.6147  0.6529
0.5529  0.6794  0.7176
9  trn_acc: 0.6059  val_acc: 0.5147  tst_acc: 0.5529
0.4956  0.6500  0.6632
0.4441  0.4882  0.5118
0.4382  0.5118  0.5618
10  trn_acc: 0.4956  val_acc: 0.4441  tst_acc: 0.4382
0.5794  0.7044  0.7279
0.4206  0.5088  0.4941
0.4853  0.5676  0.5735
11  trn_acc: 0.5794  val_acc: 0.4206  tst_acc: 0.4853
0.6632  0.7868  0.8324
0.5206  0.5647  0.5765
0.5500  0.6324  0.6794
12  trn_acc: 0.6632  val_acc: 0.5206  tst_acc: 0.5500
0.5118  0.6191  0.5897
0.4412  0.4882  0.4412
0.4618  0.5088  0.4765
13  trn_acc: 0.5118  val_acc: 0.4412  tst_acc: 0.4618
0.6853  0.7426  0.7926
0.5265  0.5735  0.5588
0.5471  0.5706  0.6235
14  trn_acc: 0.6853  val_acc: 0.5265  tst_acc: 0.5471
0.7765  0.8912  0.8838
0.5853  0.6588  0.6382
0.6765  0.6735  0.6941
15  trn_acc: 0.7765  val_acc: 0.5853  tst_acc: 0.6765
0.8662  0.9397  0.9441
0.6529  0.7118  0.6853
0.7206  0.7353  0.7441
16  trn_acc: 0.8662  val_acc: 0.6529  tst_acc: 0.7206
0.7985  0.8779  0.8412
0.5882  0.6412  0.6206
0.6382  0.6824  0.6735
17  trn_acc: 0.7985  val_acc: 0.5882  tst_acc: 0.6382
0.8441  0.9397  0.9279
0.6088  0.6912  0.6735
0.7029  0.7676  0.7324
18  trn_acc: 0.8441  val_acc: 0.6088  tst_acc: 0.7029
0.8574  0.9353  0.9029
0.6735  0.7118  0.6588
0.6824  0.7412  0.7265
19  trn_acc: 0.8574  val_acc: 0.6735  tst_acc: 0.6824
0.6382  0.8338  0.8176
0.4676  0.6412  0.5618
0.4824  0.6588  0.6588
20  trn_acc: 0.6382  val_acc: 0.4676  tst_acc: 0.4824
0.9162  0.9868  0.9603
0.6735  0.7471  0.7176
0.7441  0.7853  0.7471
21  trn_acc: 0.9162  val_acc: 0.6735  tst_acc: 0.7441
0.9868  0.9971  0.9647
0.7529  0.7735  0.7176
0.7471  0.7853  0.7353
22  trn_acc: 0.9868  val_acc: 0.7529  tst_acc: 0.7471
0.8235  0.9000  0.9603
0.6265  0.6353  0.7176
0.6471  0.7147  0.7471
23  trn_acc: 0.8235  val_acc: 0.6265  tst_acc: 0.6471
0.8941  0.9632  0.9794
0.7029  0.7559  0.7824
0.7412  0.7735  0.7912
24  trn_acc: 0.8941  val_acc: 0.7029  tst_acc: 0.7412
0.8353  0.9000  0.9368
0.6235  0.6794  0.6853
0.6647  0.7206  0.7147
25  trn_acc: 0.8353  val_acc: 0.6235  tst_acc: 0.6647
0.8794  0.9676  0.9779
0.6412  0.7059  0.7176
0.7029  0.7706  0.7794
26  trn_acc: 0.8794  val_acc: 0.6412  tst_acc: 0.7029
0.9265  0.9912  0.9588
0.7412  0.7676  0.6971
0.7441  0.8059  0.7588
27  trn_acc: 0.9265  val_acc: 0.7412  tst_acc: 0.7441
0.7706  0.9412  0.9471
0.5382  0.6824  0.7147
0.6059  0.7265  0.7618
28  trn_acc: 0.7706  val_acc: 0.5382  tst_acc: 0.6059
0.9088  0.9441  0.9250
0.7000  0.7000  0.6912
0.7471  0.7324  0.7529
29  trn_acc: 0.9088  val_acc: 0.7000  tst_acc: 0.7471
0.7941  0.8926  0.9147
0.5676  0.6559  0.6471
0.6176  0.7000  0.7029
30  trn_acc: 0.7941  val_acc: 0.5676  tst_acc: 0.6176
0.8735  0.9897  0.9853
0.6529  0.7412  0.7176
0.6735  0.7882  0.7529
31  trn_acc: 0.8735  val_acc: 0.6529  tst_acc: 0.6735
0.9809  0.9926  0.9926
0.7706  0.7500  0.7324
0.7882  0.8147  0.7618
32  trn_acc: 0.9809  val_acc: 0.7706  tst_acc: 0.7882
0.9044  0.9544  0.9691
0.6735  0.7029  0.7000
0.6824  0.7500  0.7471
33  trn_acc: 0.9044  val_acc: 0.6735  tst_acc: 0.6824
0.9868  0.9912  0.9824
0.7471  0.7588  0.7441
0.7882  0.7971  0.7676
34  trn_acc: 0.9868  val_acc: 0.7471  tst_acc: 0.7882
0.9618  0.9971  0.9956
0.7206  0.7765  0.7265
0.7853  0.8294  0.7706
35  trn_acc: 0.9618  val_acc: 0.7206  tst_acc: 0.7853
0.9515  0.9676  0.9750
0.7176  0.7324  0.7147
0.7706  0.7765  0.7471
36  trn_acc: 0.9515  val_acc: 0.7176  tst_acc: 0.7706
0.9309  0.9926  0.9985
0.7176  0.7324  0.7324
0.7559  0.7824  0.7824
37  trn_acc: 0.9309  val_acc: 0.7176  tst_acc: 0.7559
0.9824  0.9985  0.9956
0.7382  0.7206  0.7412
0.7824  0.7941  0.8176
38  trn_acc: 0.9824  val_acc: 0.7382  tst_acc: 0.7824
0.9676  0.9912  0.9956
0.7441  0.7529  0.7529
0.7912  0.8176  0.7912
39  trn_acc: 0.9676  val_acc: 0.7441  tst_acc: 0.7912
0.9926  0.9971  0.9941
0.7912  0.7912  0.7412
0.8029  0.8206  0.7735
40  trn_acc: 0.9926  val_acc: 0.7912  tst_acc: 0.8029
0.9985  1.0000  0.9956
0.7765  0.7824  0.7588
0.8176  0.8235  0.8029
41  trn_acc: 0.9985  val_acc: 0.7765  tst_acc: 0.8176
0.9985  1.0000  0.9985
0.7706  0.7794  0.7647
0.8206  0.8176  0.8059
42  trn_acc: 0.9985  val_acc: 0.7706  tst_acc: 0.8206
0.9735  0.9750  0.9971
0.7441  0.7118  0.7265
0.7706  0.7441  0.7706
43  trn_acc: 0.9735  val_acc: 0.7441  tst_acc: 0.7706
0.9971  0.9971  0.9956
0.7588  0.7735  0.7294
0.7853  0.8000  0.7735
44  trn_acc: 0.9971  val_acc: 0.7588  tst_acc: 0.7853
0.9838  1.0000  0.9765
0.7147  0.7412  0.6794
0.7412  0.8206  0.7441
45  trn_acc: 0.9838  val_acc: 0.7147  tst_acc: 0.7412
0.9985  1.0000  1.0000
0.8147  0.7794  0.7206
0.8235  0.8088  0.8000
46  trn_acc: 0.9985  val_acc: 0.8147  tst_acc: 0.8235
0.9691  0.9941  0.9956
0.7235  0.7471  0.7147
0.7706  0.7882  0.7765
47  trn_acc: 0.9691  val_acc: 0.7235  tst_acc: 0.7706
0.9794  0.9985  1.0000
0.7559  0.7676  0.7647
0.8206  0.8265  0.8176
48  trn_acc: 0.9794  val_acc: 0.7559  tst_acc: 0.8206
0.9750  0.9926  0.9941
0.7794  0.7824  0.7588
0.8029  0.7941  0.8088
49  trn_acc: 0.9750  val_acc: 0.7794  tst_acc: 0.8029
0.9515  0.9941  0.9868
0.7324  0.7618  0.7353
0.7529  0.7971  0.7853
50  trn_acc: 0.9515  val_acc: 0.7324  tst_acc: 0.7529
1.0000  1.0000  0.9985
0.7853  0.7794  0.7706
0.8176  0.8000  0.8000
51  trn_acc: 1.0000  val_acc: 0.7853  tst_acc: 0.8176
0.9912  0.9897  0.9941
0.7765  0.7235  0.7412
0.7765  0.7706  0.7765
52  trn_acc: 0.9912  val_acc: 0.7765  tst_acc: 0.7765
0.9985  1.0000  1.0000
0.7706  0.7735  0.7588
0.8088  0.8147  0.8147
53  trn_acc: 0.9985  val_acc: 0.7706  tst_acc: 0.8088
0.9853  1.0000  0.9985
0.7647  0.7853  0.7529
0.7765  0.8000  0.7853
54  trn_acc: 0.9853  val_acc: 0.7647  tst_acc: 0.7765
0.9515  0.9618  0.8853
0.7441  0.7088  0.6118
0.7382  0.7147  0.6735
55  trn_acc: 0.9515  val_acc: 0.7441  tst_acc: 0.7382
0.8353  0.9279  0.8441
0.5735  0.6500  0.5971
0.6471  0.7324  0.6382
56  trn_acc: 0.8353  val_acc: 0.5735  tst_acc: 0.6471
0.9824  0.9941  0.9985
0.7529  0.7647  0.7765
0.7824  0.7941  0.8000
57  trn_acc: 0.9824  val_acc: 0.7529  tst_acc: 0.7824
0.9647  0.9941  0.9971
0.7294  0.7235  0.7471
0.7529  0.7912  0.7882
58  trn_acc: 0.9647  val_acc: 0.7294  tst_acc: 0.7529
0.9912  1.0000  1.0000
0.7559  0.7706  0.7735
0.8059  0.8088  0.8147
59  trn_acc: 0.9912  val_acc: 0.7559  tst_acc: 0.8059
0.9750  0.9868  0.9676
0.7147  0.7265  0.6824
0.7588  0.7529  0.7559
60  trn_acc: 0.9750  val_acc: 0.7147  tst_acc: 0.7588
0.9956  0.9897  0.9985
0.7706  0.7676  0.7559
0.8000  0.7941  0.8265
61  trn_acc: 0.9956  val_acc: 0.7706  tst_acc: 0.8000
0.9956  1.0000  0.9941
0.7735  0.7853  0.7765
0.7882  0.8118  0.7882
62  trn_acc: 0.9956  val_acc: 0.7735  tst_acc: 0.7882
0.9721  0.9765  0.9647
0.6912  0.6735  0.6971
0.7324  0.7441  0.7235
63  trn_acc: 0.9721  val_acc: 0.6912  tst_acc: 0.7324
0.9971  0.9985  1.0000
0.7676  0.7618  0.7647
0.8176  0.8412  0.8147
64  trn_acc: 0.9971  val_acc: 0.7676  tst_acc: 0.8176
0.9647  1.0000  0.9985
0.7265  0.7529  0.7529
0.7676  0.8176  0.8029
65  trn_acc: 0.9647  val_acc: 0.7265  tst_acc: 0.7676
0.9971  1.0000  0.9985
0.7588  0.7324  0.7559
0.8059  0.8029  0.7765
66  trn_acc: 0.9971  val_acc: 0.7588  tst_acc: 0.8059
0.9824  0.9956  0.9735
0.7441  0.7412  0.6853
0.7853  0.7941  0.7324
67  trn_acc: 0.9824  val_acc: 0.7441  tst_acc: 0.7853
0.9397  0.9676  0.9221
0.6794  0.6853  0.6735
0.6882  0.7324  0.7206
68  trn_acc: 0.9397  val_acc: 0.6794  tst_acc: 0.6882
0.9985  1.0000  1.0000
0.8029  0.7912  0.7794
0.8176  0.8324  0.8176
69  trn_acc: 0.9985  val_acc: 0.8029  tst_acc: 0.8176
1.0000  1.0000  1.0000
0.8029  0.7735  0.7588
0.8471  0.8382  0.8206
70  trn_acc: 1.0000  val_acc: 0.8029  tst_acc: 0.8471
0.9676  0.9956  0.9868
0.6912  0.7500  0.7235
0.7382  0.7941  0.7500
71  trn_acc: 0.9676  val_acc: 0.6912  tst_acc: 0.7382
0.9971  0.9956  0.9985
0.7647  0.7676  0.7676
0.8088  0.8206  0.8029
72  trn_acc: 0.9971  val_acc: 0.7647  tst_acc: 0.8088
0.9838  0.9971  0.9956
0.7500  0.7529  0.7735
0.7824  0.7941  0.7971
73  trn_acc: 0.9838  val_acc: 0.7500  tst_acc: 0.7824
0.9868  1.0000  1.0000
0.7412  0.7706  0.7735
0.7882  0.7735  0.8118
74  trn_acc: 0.9868  val_acc: 0.7412  tst_acc: 0.7882
0.9882  0.9868  0.9809
0.7500  0.7647  0.6794
0.8029  0.7941  0.7353
75  trn_acc: 0.9882  val_acc: 0.7500  tst_acc: 0.8029
1.0000  1.0000  1.0000
0.8176  0.7912  0.7882
0.8441  0.8294  0.8176
76  trn_acc: 1.0000  val_acc: 0.8176  tst_acc: 0.8441
0.9882  0.9882  0.9765
0.7147  0.7265  0.6794
0.7588  0.7529  0.7324
77  trn_acc: 0.9882  val_acc: 0.7147  tst_acc: 0.7588
0.9985  1.0000  0.9662
0.7618  0.7735  0.6500
0.7971  0.8088  0.7412
78  trn_acc: 0.9985  val_acc: 0.7618  tst_acc: 0.7971
0.9926  0.9897  0.9985
0.7676  0.7382  0.7529
0.7853  0.7824  0.7912
79  trn_acc: 0.9926  val_acc: 0.7676  tst_acc: 0.7853
1.0000  0.9985  1.0000
0.8441  0.8147  0.7912
0.8353  0.8353  0.8176
80  trn_acc: 1.0000  val_acc: 0.8441  tst_acc: 0.8353
0.9971  0.9971  0.9765
0.7471  0.7647  0.7029
0.7882  0.7941  0.7765
81  trn_acc: 0.9971  val_acc: 0.7471  tst_acc: 0.7882
1.0000  1.0000  1.0000
0.8235  0.8059  0.7676
0.8676  0.8382  0.8029
82  trn_acc: 1.0000  val_acc: 0.8235  tst_acc: 0.8676
1.0000  1.0000  1.0000
0.7971  0.7882  0.7912
0.8441  0.8176  0.8088
83  trn_acc: 1.0000  val_acc: 0.7971  tst_acc: 0.8441
0.9985  1.0000  0.9985
0.8118  0.7912  0.7941
0.8147  0.8265  0.7971
84  trn_acc: 0.9985  val_acc: 0.8118  tst_acc: 0.8147
0.9897  0.9956  1.0000
0.7735  0.7382  0.7706
0.8059  0.8000  0.8029
85  trn_acc: 0.9897  val_acc: 0.7735  tst_acc: 0.8059
1.0000  1.0000  1.0000
0.8441  0.8059  0.8029
0.8324  0.8235  0.8206
86  trn_acc: 1.0000  val_acc: 0.8441  tst_acc: 0.8324
0.9809  0.9985  0.9971
0.7735  0.7353  0.7529
0.7941  0.7794  0.8000
87  trn_acc: 0.9809  val_acc: 0.7735  tst_acc: 0.7941
1.0000  0.9971  0.9985
0.8235  0.7941  0.7824
0.8353  0.8382  0.8206
88  trn_acc: 1.0000  val_acc: 0.8235  tst_acc: 0.8353
0.9956  0.9971  0.9985
0.7824  0.7706  0.7588
0.8382  0.8294  0.8029
89  trn_acc: 0.9956  val_acc: 0.7824  tst_acc: 0.8382
0.9441  0.9853  0.9912
0.6647  0.7147  0.7294
0.6971  0.7735  0.7794
90  trn_acc: 0.9441  val_acc: 0.6647  tst_acc: 0.6971
1.0000  1.0000  1.0000
0.8382  0.8059  0.7853
0.8588  0.8412  0.7971
91  trn_acc: 1.0000  val_acc: 0.8382  tst_acc: 0.8588
1.0000  1.0000  1.0000
0.8471  0.8029  0.7941
0.8676  0.8559  0.8235
92  trn_acc: 1.0000  val_acc: 0.8471  tst_acc: 0.8676
0.9706  0.9809  0.9956
0.7412  0.7882  0.7441
0.7853  0.8000  0.7588
93  trn_acc: 0.9706  val_acc: 0.7412  tst_acc: 0.7853
0.9750  0.9941  0.9956
0.7353  0.7441  0.7618
0.7706  0.7882  0.7588
94  trn_acc: 0.9750  val_acc: 0.7353  tst_acc: 0.7706
0.9956  1.0000  0.9985
0.7971  0.7676  0.7882
0.8147  0.8088  0.8088
95  trn_acc: 0.9956  val_acc: 0.7971  tst_acc: 0.8147
1.0000  1.0000  1.0000
0.8265  0.8029  0.7971
0.8529  0.8529  0.8147
96  trn_acc: 1.0000  val_acc: 0.8265  tst_acc: 0.8529
0.9809  0.9765  0.9912
0.7382  0.7118  0.7382
0.7676  0.7588  0.7500
97  trn_acc: 0.9809  val_acc: 0.7382  tst_acc: 0.7676
0.9956  0.9985  1.0000
0.7912  0.8118  0.7971
0.8059  0.8147  0.8206
98  trn_acc: 0.9956  val_acc: 0.7912  tst_acc: 0.8059
0.9985  1.0000  1.0000
0.7618  0.7794  0.7794
0.8294  0.7882  0.8118
99  trn_acc: 0.9985  val_acc: 0.7618  tst_acc: 0.8294
0.9779  0.9868  0.9985
0.7588  0.7471  0.7647
0.8029  0.7500  0.7882
100  trn_acc: 0.9779  val_acc: 0.7588  tst_acc: 0.8029
0.9985  0.9985  0.9985
0.7824  0.7618  0.7794
0.8000  0.8059  0.7971
101  trn_acc: 0.9985  val_acc: 0.7824  tst_acc: 0.8000
0.9971  0.9985  0.9941
0.8324  0.8000  0.8000
0.8500  0.8294  0.8206
102  trn_acc: 0.9971  val_acc: 0.8324  tst_acc: 0.8500
0.9971  0.9985  0.9941
0.7735  0.7706  0.7029
0.7971  0.8029  0.7735
103  trn_acc: 0.9971  val_acc: 0.7735  tst_acc: 0.7971
1.0000  1.0000  1.0000
0.7706  0.7735  0.7676
0.8147  0.8147  0.8059
104  trn_acc: 1.0000  val_acc: 0.7706  tst_acc: 0.8147
0.9941  1.0000  1.0000
0.7588  0.7853  0.7765
0.8176  0.8147  0.8176
105  trn_acc: 0.9941  val_acc: 0.7588  tst_acc: 0.8176
0.9956  0.9926  1.0000
0.7706  0.7735  0.7676
0.8206  0.8147  0.7824
106  trn_acc: 0.9956  val_acc: 0.7706  tst_acc: 0.8206
0.9985  1.0000  1.0000
0.8088  0.7941  0.7735
0.8559  0.8324  0.8088
107  trn_acc: 0.9985  val_acc: 0.8088  tst_acc: 0.8559
0.9985  0.9971  0.9985
0.7618  0.7500  0.7529
0.8265  0.7912  0.7912
108  trn_acc: 0.9985  val_acc: 0.7618  tst_acc: 0.8265
0.9956  1.0000  0.9985
0.7765  0.7676  0.7382
0.7824  0.8000  0.7941
109  trn_acc: 0.9956  val_acc: 0.7765  tst_acc: 0.7824
0.9941  1.0000  0.9868
0.7853  0.7706  0.7324
0.8147  0.7912  0.7676
110  trn_acc: 0.9941  val_acc: 0.7853  tst_acc: 0.8147
1.0000  0.9985  0.9985
0.7912  0.7824  0.7441
0.8206  0.8088  0.7912
111  trn_acc: 1.0000  val_acc: 0.7912  tst_acc: 0.8206
1.0000  0.9971  0.9971
0.7853  0.7794  0.7853
0.8059  0.8088  0.8088
112  trn_acc: 1.0000  val_acc: 0.7853  tst_acc: 0.8059
0.9985  1.0000  1.0000
0.7618  0.7765  0.7471
0.8059  0.8029  0.7912
113  trn_acc: 0.9985  val_acc: 0.7618  tst_acc: 0.8059
0.9956  0.9971  0.9721
0.7206  0.7647  0.6765
0.7941  0.8059  0.7176
114  trn_acc: 0.9956  val_acc: 0.7206  tst_acc: 0.7941
0.9779  0.9912  0.9912
0.7206  0.7324  0.7265
0.7588  0.7971  0.7471
115  trn_acc: 0.9779  val_acc: 0.7206  tst_acc: 0.7588
0.9897  0.9941  0.9985
0.7206  0.7147  0.7265
0.7824  0.7794  0.8118
116  trn_acc: 0.9897  val_acc: 0.7206  tst_acc: 0.7824
1.0000  1.0000  1.0000
0.8118  0.8059  0.8029
0.8382  0.8412  0.8294
117  trn_acc: 1.0000  val_acc: 0.8118  tst_acc: 0.8382
1.0000  0.9985  1.0000
0.8147  0.8059  0.7941
0.8265  0.8412  0.8059
118  trn_acc: 1.0000  val_acc: 0.8147  tst_acc: 0.8265
0.9971  0.9941  1.0000
0.7882  0.7382  0.7647
0.8059  0.7824  0.7971
119  trn_acc: 0.9971  val_acc: 0.7882  tst_acc: 0.8059
0.9912  0.9985  1.0000
0.7735  0.7882  0.7588
0.8000  0.8206  0.8118
120  trn_acc: 0.9912  val_acc: 0.7735  tst_acc: 0.8000
0.9971  1.0000  1.0000
0.8059  0.7824  0.8000
0.8324  0.8382  0.8324
121  trn_acc: 0.9971  val_acc: 0.8059  tst_acc: 0.8324
1.0000  0.9985  1.0000
0.7971  0.7676  0.7941
0.8382  0.8029  0.8147
122  trn_acc: 1.0000  val_acc: 0.7971  tst_acc: 0.8382
1.0000  0.9971  0.9971
0.7824  0.7706  0.7353
0.8412  0.8176  0.7971
123  trn_acc: 1.0000  val_acc: 0.7824  tst_acc: 0.8412
0.9912  1.0000  0.9985
0.7676  0.7765  0.7971
0.8088  0.8235  0.8294
124  trn_acc: 0.9912  val_acc: 0.7676  tst_acc: 0.8088
1.0000  1.0000  1.0000
0.7941  0.7706  0.7559
0.8294  0.8206  0.8176
125  trn_acc: 1.0000  val_acc: 0.7941  tst_acc: 0.8294
1.0000  1.0000  1.0000
0.8500  0.8118  0.8000
0.8618  0.8618  0.8206
126  trn_acc: 1.0000  val_acc: 0.8500  tst_acc: 0.8618
0.9912  0.9941  0.9971
0.8118  0.7824  0.7706
0.8147  0.8088  0.8059
127  trn_acc: 0.9912  val_acc: 0.8118  tst_acc: 0.8147
1.0000  1.0000  1.0000
0.8029  0.8029  0.7824
0.8618  0.8382  0.8235
128  trn_acc: 1.0000  val_acc: 0.8029  tst_acc: 0.8618
1.0000  1.0000  1.0000
0.7853  0.7824  0.7882
0.8324  0.8235  0.8206
129  trn_acc: 1.0000  val_acc: 0.7853  tst_acc: 0.8324
0.9956  1.0000  1.0000
0.7647  0.7735  0.7647
0.8412  0.8147  0.8206
130  trn_acc: 0.9956  val_acc: 0.7647  tst_acc: 0.8412
0.9926  0.9985  0.9971
0.7235  0.7471  0.7706
0.7618  0.7853  0.8147
131  trn_acc: 0.9926  val_acc: 0.7235  tst_acc: 0.7618
0.9941  1.0000  1.0000
0.7735  0.7647  0.7588
0.7941  0.8029  0.8029
132  trn_acc: 0.9941  val_acc: 0.7735  tst_acc: 0.7941
1.0000  0.9985  1.0000
0.8176  0.7706  0.7941
0.8441  0.8265  0.8206
133  trn_acc: 1.0000  val_acc: 0.8176  tst_acc: 0.8441
0.9132  0.9588  0.9926
0.7088  0.7235  0.7588
0.7412  0.7500  0.8059
134  trn_acc: 0.9132  val_acc: 0.7088  tst_acc: 0.7412
0.9985  1.0000  1.0000
0.7706  0.7824  0.7647
0.8147  0.8147  0.8088
135  trn_acc: 0.9985  val_acc: 0.7706  tst_acc: 0.8147
1.0000  1.0000  1.0000
0.8235  0.8118  0.7853
0.8500  0.8588  0.8441
136  trn_acc: 1.0000  val_acc: 0.8235  tst_acc: 0.8500
1.0000  1.0000  1.0000
0.8147  0.7706  0.7647
0.8471  0.8441  0.8147
137  trn_acc: 1.0000  val_acc: 0.8147  tst_acc: 0.8471
1.0000  1.0000  1.0000
0.8265  0.8029  0.7500
0.8853  0.8412  0.7971
138  trn_acc: 1.0000  val_acc: 0.8265  tst_acc: 0.8853
0.9824  0.9926  0.9985
0.7471  0.7265  0.7471
0.7765  0.7941  0.7824
139  trn_acc: 0.9824  val_acc: 0.7471  tst_acc: 0.7765
1.0000  1.0000  1.0000
0.8559  0.7941  0.8000
0.8647  0.8500  0.8294
140  trn_acc: 1.0000  val_acc: 0.8559  tst_acc: 0.8647
1.0000  1.0000  1.0000
0.7824  0.7618  0.7529
0.8265  0.8265  0.8176
141  trn_acc: 1.0000  val_acc: 0.7824  tst_acc: 0.8265
1.0000  1.0000  1.0000
0.8147  0.7853  0.7882
0.8471  0.8353  0.8235
142  trn_acc: 1.0000  val_acc: 0.8147  tst_acc: 0.8471
1.0000  1.0000  1.0000
0.7882  0.7735  0.7735
0.8441  0.8382  0.8265
143  trn_acc: 1.0000  val_acc: 0.7882  tst_acc: 0.8441
1.0000  1.0000  1.0000
0.8059  0.7765  0.7765
0.8382  0.8324  0.8147
144  trn_acc: 1.0000  val_acc: 0.8059  tst_acc: 0.8382
1.0000  1.0000  1.0000
0.8147  0.7765  0.7618
0.8235  0.8147  0.8206
145  trn_acc: 1.0000  val_acc: 0.8147  tst_acc: 0.8235
1.0000  1.0000  1.0000
0.7941  0.7735  0.7735
0.8412  0.8206  0.8235
146  trn_acc: 1.0000  val_acc: 0.7941  tst_acc: 0.8412
1.0000  1.0000  1.0000
0.8412  0.8029  0.8029
0.8441  0.8382  0.8206
147  trn_acc: 1.0000  val_acc: 0.8412  tst_acc: 0.8441
1.0000  1.0000  1.0000
0.8500  0.8029  0.7941
0.8559  0.8559  0.8235
148  trn_acc: 1.0000  val_acc: 0.8500  tst_acc: 0.8559
0.9985  0.9985  1.0000
0.7853  0.7765  0.7441
0.8147  0.8382  0.8059
149  trn_acc: 0.9985  val_acc: 0.7853  tst_acc: 0.8147
1.0000  1.0000  0.9941
0.7971  0.7735  0.7353
0.8382  0.8353  0.7824
150  trn_acc: 1.0000  val_acc: 0.7971  tst_acc: 0.8382
0.9897  0.9956  0.9853
0.7294  0.7382  0.6676
0.7765  0.7882  0.7441
151  trn_acc: 0.9897  val_acc: 0.7294  tst_acc: 0.7765
0.9985  1.0000  1.0000
0.8088  0.7853  0.7971
0.8324  0.8265  0.8147
152  trn_acc: 0.9985  val_acc: 0.8088  tst_acc: 0.8324
0.9956  1.0000  0.9985
0.7706  0.7794  0.7588
0.8059  0.8147  0.8118
153  trn_acc: 0.9956  val_acc: 0.7706  tst_acc: 0.8059
1.0000  1.0000  1.0000
0.8000  0.8029  0.7882
0.8294  0.8441  0.8206
154  trn_acc: 1.0000  val_acc: 0.8000  tst_acc: 0.8294
1.0000  1.0000  1.0000
0.8206  0.8029  0.7735
0.8353  0.8294  0.8088
155  trn_acc: 1.0000  val_acc: 0.8206  tst_acc: 0.8353
1.0000  1.0000  1.0000
0.8147  0.8118  0.7941
0.8706  0.8441  0.8147
156  trn_acc: 1.0000  val_acc: 0.8147  tst_acc: 0.8706
1.0000  1.0000  1.0000
0.7882  0.7794  0.7676
0.8559  0.8382  0.8029
157  trn_acc: 1.0000  val_acc: 0.7882  tst_acc: 0.8559
1.0000  1.0000  1.0000
0.8294  0.7824  0.7647
0.8588  0.8353  0.8294
158  trn_acc: 1.0000  val_acc: 0.8294  tst_acc: 0.8588
1.0000  1.0000  0.9971
0.8088  0.7882  0.7529
0.8265  0.8206  0.7647
159  trn_acc: 1.0000  val_acc: 0.8088  tst_acc: 0.8265
1.0000  1.0000  0.9985
0.8176  0.8118  0.7588
0.8706  0.8735  0.8000
160  trn_acc: 1.0000  val_acc: 0.8176  tst_acc: 0.8706
1.0000  1.0000  1.0000
0.8059  0.8147  0.8000
0.8382  0.8500  0.8147
161  trn_acc: 1.0000  val_acc: 0.8059  tst_acc: 0.8382
0.9853  1.0000  1.0000
0.7647  0.7853  0.7735
0.7912  0.8353  0.8206
162  trn_acc: 0.9853  val_acc: 0.7647  tst_acc: 0.7912
1.0000  1.0000  1.0000
0.8500  0.7912  0.7765
0.8471  0.8559  0.8206
163  trn_acc: 1.0000  val_acc: 0.8500  tst_acc: 0.8471
1.0000  1.0000  1.0000
0.7912  0.7706  0.7676
0.8029  0.8206  0.8029
164  trn_acc: 1.0000  val_acc: 0.7912  tst_acc: 0.8029
1.0000  0.9985  1.0000
0.7941  0.7824  0.7735
0.8471  0.8176  0.8206
165  trn_acc: 1.0000  val_acc: 0.7941  tst_acc: 0.8471
1.0000  1.0000  1.0000
0.8206  0.8029  0.7941
0.8412  0.8353  0.8059
166  trn_acc: 1.0000  val_acc: 0.8206  tst_acc: 0.8412
1.0000  1.0000  1.0000
0.8059  0.7971  0.7676
0.8559  0.8265  0.8088
167  trn_acc: 1.0000  val_acc: 0.8059  tst_acc: 0.8559
1.0000  1.0000  1.0000
0.7971  0.7971  0.7618
0.8294  0.8324  0.8059
168  trn_acc: 1.0000  val_acc: 0.7971  tst_acc: 0.8294
1.0000  1.0000  1.0000
0.8529  0.8147  0.8000
0.8676  0.8500  0.8441
169  trn_acc: 1.0000  val_acc: 0.8529  tst_acc: 0.8676
1.0000  1.0000  1.0000
0.8206  0.7941  0.7735
0.8559  0.8294  0.8088
170  trn_acc: 1.0000  val_acc: 0.8206  tst_acc: 0.8559
0.9985  1.0000  1.0000
0.8559  0.8176  0.7765
0.8588  0.8353  0.8324
171  trn_acc: 0.9985  val_acc: 0.8559  tst_acc: 0.8588
1.0000  0.9971  1.0000
0.8176  0.7765  0.7706
0.8441  0.8029  0.8000
172  trn_acc: 1.0000  val_acc: 0.8176  tst_acc: 0.8441
1.0000  1.0000  0.9985
0.8471  0.8029  0.7618
0.8735  0.8529  0.8176
173  trn_acc: 1.0000  val_acc: 0.8471  tst_acc: 0.8735
1.0000  1.0000  1.0000
0.8353  0.8294  0.8059
0.8588  0.8471  0.8176
174  trn_acc: 1.0000  val_acc: 0.8353  tst_acc: 0.8588
1.0000  1.0000  1.0000
0.8029  0.8088  0.8000
0.8500  0.8353  0.8176
175  trn_acc: 1.0000  val_acc: 0.8029  tst_acc: 0.8500
1.0000  1.0000  1.0000
0.8118  0.7882  0.7941
0.8441  0.8059  0.8147
176  trn_acc: 1.0000  val_acc: 0.8118  tst_acc: 0.8441
1.0000  1.0000  0.9971
0.8294  0.8147  0.7588
0.8588  0.8294  0.8029
177  trn_acc: 1.0000  val_acc: 0.8294  tst_acc: 0.8588
1.0000  1.0000  1.0000
0.8029  0.8000  0.7912
0.8471  0.8471  0.8176
178  trn_acc: 1.0000  val_acc: 0.8029  tst_acc: 0.8471
0.9912  1.0000  0.9985
0.7500  0.7765  0.7765
0.7941  0.8147  0.8000
179  trn_acc: 0.9912  val_acc: 0.7500  tst_acc: 0.7941
1.0000  1.0000  1.0000
0.8088  0.7853  0.8000
0.8412  0.8265  0.8324
180  trn_acc: 1.0000  val_acc: 0.8088  tst_acc: 0.8412
140 0.8647 0.8559 1.0000 1.0000





getGoogleNet_v1_2like_allbn

Doing: 2
(?, 111, 111, 64)
(?, 56, 56, 64)
(?, 56, 56, 192)
(?, 28, 28, 192)
(?, 28, 28, 256)
(?, 28, 28, 480)
(?, 14, 14, 480)
(?, 14, 14, 512)
(?, 17)
(?, 14, 14, 512)
(?, 14, 14, 512)
(?, 14, 14, 528)
(?, 17)
(?, 14, 14, 832)
(?, 7, 7, 832)
(?, 7, 7, 832)
(?, 7, 7, 1024)
(?, 1, 1, 1024)
(?, 1000)
(?, 17)
0.0588  0.0588  0.0985
0.0588  0.0588  0.1088
0.0588  0.0588  0.0882
1  trn_acc: 0.0588  val_acc: 0.0588  tst_acc: 0.0588
0.0971  0.1235  0.1559
0.0941  0.1265  0.1676
0.1324  0.1265  0.1265
2  trn_acc: 0.0971  val_acc: 0.0941  tst_acc: 0.1324
0.1279  0.2294  0.2250
0.1382  0.1824  0.1824
0.1118  0.1765  0.1824
3  trn_acc: 0.1279  val_acc: 0.1382  tst_acc: 0.1118
0.3544  0.5500  0.5868
0.3471  0.4500  0.5265
0.3324  0.4294  0.4353
4  trn_acc: 0.3544  val_acc: 0.3471  tst_acc: 0.3324
0.3941  0.4838  0.4544
0.3382  0.4029  0.3941
0.3265  0.4118  0.3735
5  trn_acc: 0.3941  val_acc: 0.3382  tst_acc: 0.3265
0.5912  0.7176  0.7162
0.5324  0.5794  0.5294
0.5029  0.5647  0.5294
6  trn_acc: 0.5912  val_acc: 0.5324  tst_acc: 0.5029
0.4471  0.5441  0.5912
0.3824  0.4412  0.4882
0.3853  0.4324  0.4500
7  trn_acc: 0.4471  val_acc: 0.3824  tst_acc: 0.3853
0.6691  0.7985  0.7426
0.5265  0.6029  0.5824
0.5324  0.5971  0.5382
8  trn_acc: 0.6691  val_acc: 0.5265  tst_acc: 0.5324
0.5250  0.6162  0.6088
0.4324  0.5118  0.4353
0.3971  0.4382  0.4529
9  trn_acc: 0.5250  val_acc: 0.4324  tst_acc: 0.3971
0.7382  0.7853  0.7632
0.5912  0.6206  0.6265
0.6324  0.6235  0.6176
10  trn_acc: 0.7382  val_acc: 0.5912  tst_acc: 0.6324
0.7338  0.7647  0.7926
0.5735  0.5647  0.6382
0.5353  0.5353  0.6059
11  trn_acc: 0.7338  val_acc: 0.5735  tst_acc: 0.5353
0.5412  0.7426  0.8162
0.4353  0.5412  0.6353
0.4676  0.5500  0.5912
12  trn_acc: 0.5412  val_acc: 0.4353  tst_acc: 0.4676
0.7015  0.8309  0.7647
0.5500  0.6412  0.6324
0.5265  0.6088  0.5912
13  trn_acc: 0.7015  val_acc: 0.5500  tst_acc: 0.5265
0.8074  0.8779  0.8279
0.6382  0.6559  0.5971
0.6118  0.6176  0.5794
14  trn_acc: 0.8074  val_acc: 0.6382  tst_acc: 0.6118
0.6015  0.6221  0.6985
0.4735  0.4412  0.5206
0.4588  0.4206  0.4971
15  trn_acc: 0.6015  val_acc: 0.4735  tst_acc: 0.4588
0.7221  0.8691  0.8500
0.5441  0.6176  0.6206
0.5471  0.6265  0.6118
16  trn_acc: 0.7221  val_acc: 0.5441  tst_acc: 0.5471
0.5632  0.6279  0.7382
0.4529  0.4588  0.5588
0.4706  0.4706  0.5471
17  trn_acc: 0.5632  val_acc: 0.4529  tst_acc: 0.4706
0.8882  0.9368  0.7868
0.6706  0.6412  0.5765
0.6882  0.6647  0.5706
18  trn_acc: 0.8882  val_acc: 0.6706  tst_acc: 0.6882
0.9103  0.9647  0.9603
0.7382  0.7529  0.7353
0.7412  0.7471  0.7294
19  trn_acc: 0.9103  val_acc: 0.7382  tst_acc: 0.7412
0.7338  0.8824  0.9676
0.5882  0.6735  0.7088
0.5735  0.6412  0.7088
20  trn_acc: 0.7338  val_acc: 0.5882  tst_acc: 0.5735
0.9103  0.9544  0.9588
0.7147  0.7265  0.7265
0.6618  0.7206  0.7176
21  trn_acc: 0.9103  val_acc: 0.7147  tst_acc: 0.6618
0.9279  0.9853  0.9353
0.6941  0.7500  0.6912
0.7029  0.7618  0.6853
22  trn_acc: 0.9279  val_acc: 0.6941  tst_acc: 0.7029
0.7588  0.8368  0.8191
0.5235  0.6029  0.6176
0.5265  0.5676  0.5824
23  trn_acc: 0.7588  val_acc: 0.5235  tst_acc: 0.5265
0.8015  0.8500  0.9088
0.6147  0.6294  0.6559
0.6147  0.6029  0.6412
24  trn_acc: 0.8015  val_acc: 0.6147  tst_acc: 0.6147
0.9456  0.9941  0.9824
0.7235  0.7676  0.7676
0.7412  0.7971  0.7471
25  trn_acc: 0.9456  val_acc: 0.7235  tst_acc: 0.7412
0.9676  0.9853  0.9544
0.7382  0.7559  0.6735
0.7529  0.7059  0.6882
26  trn_acc: 0.9676  val_acc: 0.7382  tst_acc: 0.7529
0.9309  0.9559  0.9103
0.6971  0.7118  0.6441
0.6853  0.7118  0.6294
27  trn_acc: 0.9309  val_acc: 0.6971  tst_acc: 0.6853
0.8500  0.9500  0.9235
0.6176  0.7118  0.6559
0.6618  0.6941  0.6500
28  trn_acc: 0.8500  val_acc: 0.6176  tst_acc: 0.6618
0.9912  0.9941  0.9926
0.7647  0.7618  0.7471
0.7676  0.7588  0.7529
29  trn_acc: 0.9912  val_acc: 0.7647  tst_acc: 0.7676
0.8971  0.9618  0.9838
0.6676  0.6882  0.7000
0.6529  0.6794  0.7235
30  trn_acc: 0.8971  val_acc: 0.6676  tst_acc: 0.6529
0.9706  0.9750  0.9809
0.7265  0.7265  0.7235
0.6882  0.6824  0.7176
31  trn_acc: 0.9706  val_acc: 0.7265  tst_acc: 0.6882
0.9971  0.9985  0.9956
0.7971  0.8029  0.7647
0.7765  0.7735  0.7588
32  trn_acc: 0.9971  val_acc: 0.7971  tst_acc: 0.7765
0.9676  0.9897  0.9882
0.7235  0.7618  0.7735
0.7412  0.7471  0.7412
33  trn_acc: 0.9676  val_acc: 0.7235  tst_acc: 0.7412
0.9926  0.9971  0.9809
0.7647  0.7559  0.6971
0.7500  0.7676  0.7559
34  trn_acc: 0.9926  val_acc: 0.7647  tst_acc: 0.7500
0.9132  0.9676  0.9647
0.6941  0.7353  0.7029
0.6618  0.7000  0.7176
35  trn_acc: 0.9132  val_acc: 0.6941  tst_acc: 0.6618
0.9897  0.9926  0.9971
0.7971  0.7794  0.7912
0.8029  0.7794  0.7765
36  trn_acc: 0.9897  val_acc: 0.7971  tst_acc: 0.8029
0.9368  0.9735  0.9926
0.7029  0.7382  0.7471
0.7265  0.7618  0.7647
37  trn_acc: 0.9368  val_acc: 0.7029  tst_acc: 0.7265
0.9912  0.9985  0.9897
0.7676  0.7765  0.7441
0.7529  0.7353  0.7029
38  trn_acc: 0.9912  val_acc: 0.7676  tst_acc: 0.7529
1.0000  0.9956  0.9971
0.7735  0.7588  0.7324
0.7794  0.7353  0.7059
39  trn_acc: 1.0000  val_acc: 0.7735  tst_acc: 0.7794
0.9382  0.9779  0.9779
0.6912  0.7294  0.7147
0.7029  0.7412  0.7382
40  trn_acc: 0.9382  val_acc: 0.6912  tst_acc: 0.7029
0.9706  0.9971  0.9912
0.7265  0.7735  0.7706
0.7500  0.7618  0.7382
41  trn_acc: 0.9706  val_acc: 0.7265  tst_acc: 0.7500
0.9632  0.9765  0.9000
0.7206  0.7029  0.6206
0.7412  0.7353  0.6235
42  trn_acc: 0.9632  val_acc: 0.7206  tst_acc: 0.7412
0.9956  0.9971  1.0000
0.7706  0.7676  0.7441
0.7706  0.7559  0.7706
43  trn_acc: 0.9956  val_acc: 0.7706  tst_acc: 0.7706
0.9779  0.9985  0.9971
0.7471  0.7824  0.7706
0.8029  0.7882  0.7824
44  trn_acc: 0.9779  val_acc: 0.7471  tst_acc: 0.8029
0.9809  0.9941  0.9956
0.7265  0.7676  0.7529
0.7500  0.7676  0.7618
45  trn_acc: 0.9809  val_acc: 0.7265  tst_acc: 0.7500
0.9235  0.9750  0.9794
0.7029  0.7324  0.7206
0.7088  0.7324  0.7529
46  trn_acc: 0.9235  val_acc: 0.7029  tst_acc: 0.7088
0.9721  0.9897  0.9809
0.7147  0.7471  0.7265
0.6853  0.6971  0.7118
47  trn_acc: 0.9721  val_acc: 0.7147  tst_acc: 0.6853
1.0000  1.0000  1.0000
0.7529  0.7706  0.7529
0.7824  0.8088  0.7647
48  trn_acc: 1.0000  val_acc: 0.7529  tst_acc: 0.7824
0.9750  0.9868  0.9941
0.7412  0.7676  0.7647
0.7412  0.7471  0.7618
49  trn_acc: 0.9750  val_acc: 0.7412  tst_acc: 0.7412
0.9838  0.9897  0.9912
0.7118  0.7206  0.7324
0.7676  0.7265  0.7500
50  trn_acc: 0.9838  val_acc: 0.7118  tst_acc: 0.7676
0.9897  0.9985  1.0000
0.7588  0.7941  0.7500
0.7824  0.7794  0.7618
51  trn_acc: 0.9897  val_acc: 0.7588  tst_acc: 0.7824
0.9912  0.9956  0.9985
0.7441  0.7588  0.7706
0.7647  0.7706  0.7676
52  trn_acc: 0.9912  val_acc: 0.7441  tst_acc: 0.7647
0.9706  0.9765  0.9941
0.7088  0.7088  0.7676
0.7176  0.6706  0.7441
53  trn_acc: 0.9706  val_acc: 0.7088  tst_acc: 0.7176
0.9809  0.9809  0.9897
0.7765  0.7794  0.7471
0.7618  0.7676  0.7382
54  trn_acc: 0.9809  val_acc: 0.7765  tst_acc: 0.7618
1.0000  1.0000  0.9985
0.7971  0.7941  0.7824
0.8118  0.7765  0.7824
55  trn_acc: 1.0000  val_acc: 0.7971  tst_acc: 0.8118
0.9618  0.9985  0.9971
0.7324  0.7765  0.7500
0.7294  0.7500  0.7235
56  trn_acc: 0.9618  val_acc: 0.7324  tst_acc: 0.7294
0.9515  0.9838  0.9735
0.6647  0.6971  0.6824
0.7176  0.7147  0.7088
57  trn_acc: 0.9515  val_acc: 0.6647  tst_acc: 0.7176
0.9529  0.9779  0.9838
0.6971  0.7147  0.7471
0.6941  0.7088  0.7471
58  trn_acc: 0.9529  val_acc: 0.6971  tst_acc: 0.6941
0.9941  1.0000  0.9941
0.7324  0.7735  0.7441
0.7676  0.7559  0.7471
59  trn_acc: 0.9941  val_acc: 0.7324  tst_acc: 0.7676
1.0000  1.0000  1.0000
0.7735  0.7706  0.7765
0.7824  0.7735  0.7765
60  trn_acc: 1.0000  val_acc: 0.7735  tst_acc: 0.7824
0.9941  0.9912  0.9941
0.7735  0.7618  0.7559
0.7529  0.7235  0.7265
61  trn_acc: 0.9941  val_acc: 0.7735  tst_acc: 0.7529
1.0000  1.0000  1.0000
0.7794  0.7824  0.7794
0.8206  0.7676  0.7676
62  trn_acc: 1.0000  val_acc: 0.7794  tst_acc: 0.8206
0.9721  0.9618  0.9853
0.6941  0.6765  0.7059
0.7324  0.6853  0.6912
63  trn_acc: 0.9721  val_acc: 0.6941  tst_acc: 0.7324
0.9618  0.9912  0.9926
0.7412  0.7353  0.7529
0.7559  0.7529  0.7382
64  trn_acc: 0.9618  val_acc: 0.7412  tst_acc: 0.7559
0.9765  0.9824  0.9897
0.6882  0.7059  0.7618
0.6441  0.6676  0.7294
65  trn_acc: 0.9765  val_acc: 0.6882  tst_acc: 0.6441
0.9926  0.9956  1.0000
0.7706  0.7971  0.8059
0.7353  0.7618  0.7765
66  trn_acc: 0.9926  val_acc: 0.7706  tst_acc: 0.7353
0.9721  0.9897  0.9971
0.7294  0.7735  0.7500
0.7471  0.7412  0.7324
67  trn_acc: 0.9721  val_acc: 0.7294  tst_acc: 0.7471
0.9882  0.9926  0.9941
0.7353  0.7382  0.6765
0.7412  0.7176  0.7088
68  trn_acc: 0.9882  val_acc: 0.7353  tst_acc: 0.7412
1.0000  1.0000  1.0000
0.8265  0.8059  0.7794
0.8059  0.7824  0.7971
69  trn_acc: 1.0000  val_acc: 0.8265  tst_acc: 0.8059
1.0000  0.9985  0.9971
0.8088  0.7647  0.7471
0.8235  0.7588  0.7353
70  trn_acc: 1.0000  val_acc: 0.8088  tst_acc: 0.8235
1.0000  0.9985  0.9941
0.7912  0.7706  0.7618
0.8029  0.7618  0.7588
71  trn_acc: 1.0000  val_acc: 0.7912  tst_acc: 0.8029
0.9882  0.9824  0.9985
0.7324  0.7059  0.7324
0.7382  0.6706  0.7353
72  trn_acc: 0.9882  val_acc: 0.7324  tst_acc: 0.7382
1.0000  1.0000  1.0000
0.7559  0.7647  0.7382
0.7735  0.7735  0.8029
73  trn_acc: 1.0000  val_acc: 0.7559  tst_acc: 0.7735
0.9985  1.0000  1.0000
0.7559  0.7794  0.7618
0.7912  0.7882  0.7882
74  trn_acc: 0.9985  val_acc: 0.7559  tst_acc: 0.7912
0.9985  1.0000  0.9941
0.7853  0.7853  0.7559
0.8118  0.7647  0.7529
75  trn_acc: 0.9985  val_acc: 0.7853  tst_acc: 0.8118
0.9971  1.0000  1.0000
0.7647  0.8088  0.7853
0.7824  0.7853  0.7618
76  trn_acc: 0.9971  val_acc: 0.7647  tst_acc: 0.7824
0.9971  1.0000  0.9956
0.7941  0.8000  0.7676
0.7941  0.7735  0.7647
77  trn_acc: 0.9971  val_acc: 0.7941  tst_acc: 0.7941
0.9971  0.9985  1.0000
0.8059  0.8000  0.7765
0.8118  0.7588  0.7559
78  trn_acc: 0.9971  val_acc: 0.8059  tst_acc: 0.8118
1.0000  1.0000  1.0000
0.7971  0.8029  0.7765
0.7912  0.8059  0.7735
79  trn_acc: 1.0000  val_acc: 0.7971  tst_acc: 0.7912
1.0000  1.0000  0.9985
0.7765  0.7618  0.7235
0.8059  0.7912  0.7353
80  trn_acc: 1.0000  val_acc: 0.7765  tst_acc: 0.8059
1.0000  1.0000  1.0000
0.8353  0.8059  0.8029
0.8441  0.8059  0.7618
81  trn_acc: 1.0000  val_acc: 0.8353  tst_acc: 0.8441
1.0000  1.0000  0.9985
0.7941  0.7765  0.7324
0.8206  0.7971  0.7441
82  trn_acc: 1.0000  val_acc: 0.7941  tst_acc: 0.8206
1.0000  1.0000  1.0000
0.7824  0.7853  0.7853
0.7882  0.7853  0.8118
83  trn_acc: 1.0000  val_acc: 0.7824  tst_acc: 0.7882
0.9691  0.9750  0.9853
0.7206  0.7206  0.7147
0.7324  0.7353  0.7294
84  trn_acc: 0.9691  val_acc: 0.7206  tst_acc: 0.7324
0.9926  0.9956  1.0000
0.7500  0.7618  0.7618
0.7324  0.7353  0.7559
85  trn_acc: 0.9926  val_acc: 0.7500  tst_acc: 0.7324
0.9574  0.9500  0.9559
0.7500  0.7235  0.6853
0.7265  0.6647  0.6618
86  trn_acc: 0.9574  val_acc: 0.7500  tst_acc: 0.7265
0.9985  1.0000  1.0000
0.7882  0.7676  0.7824
0.7882  0.7853  0.7765
87  trn_acc: 0.9985  val_acc: 0.7882  tst_acc: 0.7882
0.9985  1.0000  0.9985
0.7794  0.7529  0.7647
0.7912  0.7676  0.7588
88  trn_acc: 0.9985  val_acc: 0.7794  tst_acc: 0.7912
1.0000  0.9985  0.9956
0.7588  0.7559  0.7559
0.7853  0.7853  0.7676
89  trn_acc: 1.0000  val_acc: 0.7588  tst_acc: 0.7853
1.0000  1.0000  1.0000
0.8088  0.8294  0.7794
0.7735  0.7471  0.7765
90  trn_acc: 1.0000  val_acc: 0.8088  tst_acc: 0.7735
0.9853  0.9779  0.9618
0.7324  0.7059  0.6853
0.7206  0.6941  0.6735
91  trn_acc: 0.9853  val_acc: 0.7324  tst_acc: 0.7206
1.0000  0.9971  0.9912
0.7853  0.7706  0.7382
0.8000  0.7765  0.7206
92  trn_acc: 1.0000  val_acc: 0.7853  tst_acc: 0.8000
1.0000  1.0000  1.0000
0.7529  0.7735  0.7500
0.7794  0.7882  0.7500
93  trn_acc: 1.0000  val_acc: 0.7529  tst_acc: 0.7794
0.9985  0.9985  1.0000
0.7324  0.7618  0.7441
0.7441  0.7441  0.7265
94  trn_acc: 0.9985  val_acc: 0.7324  tst_acc: 0.7441
0.9676  0.9632  0.9765
0.7265  0.6882  0.7265
0.7265  0.7176  0.6971
95  trn_acc: 0.9676  val_acc: 0.7265  tst_acc: 0.7265
1.0000  0.9956  1.0000
0.7706  0.7529  0.7912
0.7706  0.7118  0.7529
96  trn_acc: 1.0000  val_acc: 0.7706  tst_acc: 0.7706
1.0000  1.0000  1.0000
0.8000  0.7912  0.7941
0.7971  0.7912  0.7765
97  trn_acc: 1.0000  val_acc: 0.8000  tst_acc: 0.7971
1.0000  1.0000  1.0000
0.8088  0.8059  0.7647
0.7912  0.7588  0.7618
98  trn_acc: 1.0000  val_acc: 0.8088  tst_acc: 0.7912
1.0000  1.0000  0.9956
0.7765  0.7765  0.7529
0.8088  0.7735  0.7824
99  trn_acc: 1.0000  val_acc: 0.7765  tst_acc: 0.8088
1.0000  1.0000  0.9971
0.7706  0.7853  0.7235
0.7735  0.7588  0.7353
100  trn_acc: 1.0000  val_acc: 0.7706  tst_acc: 0.7735
0.9985  1.0000  1.0000
0.7441  0.8029  0.7618
0.7382  0.7441  0.7353
101  trn_acc: 0.9985  val_acc: 0.7441  tst_acc: 0.7382
0.9956  1.0000  1.0000
0.7853  0.7912  0.8029
0.7853  0.7706  0.7765
102  trn_acc: 0.9956  val_acc: 0.7853  tst_acc: 0.7853
1.0000  1.0000  1.0000
0.7941  0.7824  0.7765
0.8176  0.7706  0.7912
103  trn_acc: 1.0000  val_acc: 0.7941  tst_acc: 0.8176
1.0000  1.0000  1.0000
0.8029  0.7706  0.7471
0.8029  0.7441  0.7853
104  trn_acc: 1.0000  val_acc: 0.8029  tst_acc: 0.8029
0.9868  0.9971  0.9956
0.7353  0.7588  0.7706
0.7500  0.7441  0.7618
105  trn_acc: 0.9868  val_acc: 0.7353  tst_acc: 0.7500
1.0000  1.0000  1.0000
0.8118  0.7882  0.7706
0.8147  0.8000  0.7647
106  trn_acc: 1.0000  val_acc: 0.8118  tst_acc: 0.8147
1.0000  1.0000  0.9971
0.7824  0.7676  0.7500
0.7765  0.7824  0.7500
107  trn_acc: 1.0000  val_acc: 0.7824  tst_acc: 0.7765
1.0000  1.0000  1.0000
0.8000  0.7971  0.7882
0.8088  0.7794  0.7853
108  trn_acc: 1.0000  val_acc: 0.8000  tst_acc: 0.8088
1.0000  1.0000  1.0000
0.7882  0.8206  0.7588
0.7588  0.7500  0.7471
109  trn_acc: 1.0000  val_acc: 0.7882  tst_acc: 0.7588
0.9897  0.9912  0.9941
0.7471  0.7265  0.7412
0.7588  0.7618  0.7500
110  trn_acc: 0.9897  val_acc: 0.7471  tst_acc: 0.7588
1.0000  0.9985  0.9971
0.7765  0.7559  0.7206
0.8029  0.7765  0.7471
111  trn_acc: 1.0000  val_acc: 0.7765  tst_acc: 0.8029
0.9809  0.9985  0.9971
0.7059  0.7029  0.7441
0.7412  0.7647  0.7235
112  trn_acc: 0.9809  val_acc: 0.7059  tst_acc: 0.7412
1.0000  1.0000  1.0000
0.8029  0.7971  0.7735
0.7794  0.7941  0.7500
113  trn_acc: 1.0000  val_acc: 0.8029  tst_acc: 0.7794
1.0000  1.0000  1.0000
0.8059  0.7794  0.7971
0.8000  0.7971  0.7882
114  trn_acc: 1.0000  val_acc: 0.8059  tst_acc: 0.8000
0.9985  0.9985  0.9926
0.7147  0.7735  0.7324
0.7412  0.7529  0.7324
115  trn_acc: 0.9985  val_acc: 0.7147  tst_acc: 0.7412
0.9985  0.9971  0.9985
0.7588  0.7529  0.7559
0.7735  0.7353  0.7500
116  trn_acc: 0.9985  val_acc: 0.7588  tst_acc: 0.7735
0.9926  0.9971  1.0000
0.7471  0.7471  0.7706
0.7588  0.7588  0.7735
117  trn_acc: 0.9926  val_acc: 0.7471  tst_acc: 0.7588
0.9971  1.0000  1.0000
0.7676  0.7618  0.7706
0.7735  0.7882  0.7559
118  trn_acc: 0.9971  val_acc: 0.7676  tst_acc: 0.7735
1.0000  1.0000  1.0000
0.7882  0.7912  0.8059
0.8235  0.8000  0.7912
119  trn_acc: 1.0000  val_acc: 0.7882  tst_acc: 0.8235
1.0000  1.0000  1.0000
0.7971  0.7971  0.7794
0.8000  0.7824  0.7765
120  trn_acc: 1.0000  val_acc: 0.7971  tst_acc: 0.8000
1.0000  1.0000  1.0000
0.8029  0.8235  0.7794
0.7971  0.8147  0.7941
121  trn_acc: 1.0000  val_acc: 0.8029  tst_acc: 0.7971
1.0000  0.9971  1.0000
0.8088  0.7941  0.7824
0.7794  0.7765  0.7471
122  trn_acc: 1.0000  val_acc: 0.8088  tst_acc: 0.7794
0.9985  0.9985  0.9985
0.7794  0.7794  0.7324
0.7882  0.7824  0.7588
123  trn_acc: 0.9985  val_acc: 0.7794  tst_acc: 0.7882
0.9985  0.9897  0.9941
0.7265  0.7147  0.7088
0.7324  0.6912  0.7324
124  trn_acc: 0.9985  val_acc: 0.7265  tst_acc: 0.7324
0.9985  0.9985  1.0000
0.7882  0.7706  0.7735
0.8029  0.7706  0.7529
125  trn_acc: 0.9985  val_acc: 0.7882  tst_acc: 0.8029
1.0000  1.0000  1.0000
0.7882  0.7912  0.7706
0.8088  0.7941  0.7706
126  trn_acc: 1.0000  val_acc: 0.7882  tst_acc: 0.8088
0.9971  1.0000  1.0000
0.7824  0.7824  0.7765
0.7794  0.8000  0.7735
127  trn_acc: 0.9971  val_acc: 0.7824  tst_acc: 0.7794
0.9662  0.9897  0.9706
0.7029  0.7647  0.6882
0.7471  0.7529  0.6735
128  trn_acc: 0.9662  val_acc: 0.7029  tst_acc: 0.7471
1.0000  0.9985  1.0000
0.7735  0.7618  0.7765
0.7971  0.7559  0.7647
129  trn_acc: 1.0000  val_acc: 0.7735  tst_acc: 0.7971
0.9985  1.0000  1.0000
0.7676  0.7706  0.7706
0.8118  0.8059  0.7647
130  trn_acc: 0.9985  val_acc: 0.7676  tst_acc: 0.8118
1.0000  1.0000  1.0000
0.8147  0.8294  0.7912
0.7971  0.7941  0.7824
131  trn_acc: 1.0000  val_acc: 0.8147  tst_acc: 0.7971
0.9956  1.0000  1.0000
0.7559  0.7735  0.7706
0.7676  0.7824  0.7882
132  trn_acc: 0.9956  val_acc: 0.7559  tst_acc: 0.7676
0.9985  1.0000  0.9971
0.7706  0.7500  0.7412
0.7500  0.7706  0.7529
133  trn_acc: 0.9985  val_acc: 0.7706  tst_acc: 0.7500
0.9338  0.9368  0.9662
0.6882  0.6912  0.6941
0.6500  0.6853  0.6971
134  trn_acc: 0.9338  val_acc: 0.6882  tst_acc: 0.6500
0.9941  1.0000  1.0000
0.7500  0.7735  0.7647
0.7824  0.8088  0.7647
135  trn_acc: 0.9941  val_acc: 0.7500  tst_acc: 0.7824
1.0000  0.9985  1.0000
0.7794  0.7618  0.7676
0.8000  0.7941  0.7824
136  trn_acc: 1.0000  val_acc: 0.7794  tst_acc: 0.8000
1.0000  1.0000  1.0000
0.7912  0.7618  0.7765
0.8000  0.7824  0.7500
137  trn_acc: 1.0000  val_acc: 0.7912  tst_acc: 0.8000
1.0000  1.0000  0.9941
0.7676  0.7441  0.7353
0.7588  0.7794  0.7147
138  trn_acc: 1.0000  val_acc: 0.7676  tst_acc: 0.7588
0.9971  0.9971  1.0000
0.7471  0.7529  0.7324
0.7971  0.7471  0.7500
139  trn_acc: 0.9971  val_acc: 0.7471  tst_acc: 0.7971
0.9985  1.0000  1.0000
0.7853  0.7794  0.7735
0.8088  0.8147  0.7794
140  trn_acc: 0.9985  val_acc: 0.7853  tst_acc: 0.8088
1.0000  1.0000  1.0000
0.7941  0.8000  0.7824
0.8000  0.8029  0.7500
141  trn_acc: 1.0000  val_acc: 0.7941  tst_acc: 0.8000
0.9824  0.9971  0.9985
0.7206  0.7294  0.7176
0.7824  0.7500  0.7324
142  trn_acc: 0.9824  val_acc: 0.7206  tst_acc: 0.7824
1.0000  1.0000  1.0000
0.7824  0.7971  0.7676
0.7912  0.7794  0.7588
143  trn_acc: 1.0000  val_acc: 0.7824  tst_acc: 0.7912
1.0000  1.0000  0.9985
0.8059  0.8000  0.7618
0.7824  0.7853  0.7676
144  trn_acc: 1.0000  val_acc: 0.8059  tst_acc: 0.7824
1.0000  1.0000  1.0000
0.8235  0.8118  0.8059
0.8324  0.8382  0.7971
145  trn_acc: 1.0000  val_acc: 0.8235  tst_acc: 0.8324
1.0000  1.0000  1.0000
0.7824  0.7706  0.7765
0.7912  0.7676  0.7647
146  trn_acc: 1.0000  val_acc: 0.7824  tst_acc: 0.7912
0.9956  1.0000  1.0000
0.7441  0.7676  0.7765
0.7559  0.7529  0.7765
147  trn_acc: 0.9956  val_acc: 0.7441  tst_acc: 0.7559
1.0000  0.9985  1.0000
0.8176  0.8059  0.8059
0.8029  0.7912  0.7735
148  trn_acc: 1.0000  val_acc: 0.8176  tst_acc: 0.8029
0.9985  0.9985  1.0000
0.7912  0.7618  0.7441
0.7971  0.7735  0.7735
149  trn_acc: 0.9985  val_acc: 0.7912  tst_acc: 0.7971
1.0000  1.0000  0.9985
0.7912  0.8029  0.7500
0.7941  0.7912  0.7353
150  trn_acc: 1.0000  val_acc: 0.7912  tst_acc: 0.7941
0.9897  0.9706  0.9941
0.7412  0.7382  0.7147
0.7235  0.7147  0.6794
151  trn_acc: 0.9897  val_acc: 0.7412  tst_acc: 0.7235
0.9985  1.0000  1.0000
0.8147  0.8000  0.7647
0.7765  0.7971  0.7618
152  trn_acc: 0.9985  val_acc: 0.8147  tst_acc: 0.7765
1.0000  1.0000  1.0000
0.7794  0.7735  0.7794
0.8088  0.8088  0.7853
153  trn_acc: 1.0000  val_acc: 0.7794  tst_acc: 0.8088
0.9985  0.9985  0.9985
0.7559  0.7500  0.7647
0.7647  0.7618  0.7529
154  trn_acc: 0.9985  val_acc: 0.7559  tst_acc: 0.7647
1.0000  1.0000  0.9985
0.7853  0.7676  0.7471
0.7971  0.7912  0.7735
155  trn_acc: 1.0000  val_acc: 0.7853  tst_acc: 0.7971
1.0000  1.0000  1.0000
0.8000  0.7971  0.8088
0.8000  0.7912  0.8059
156  trn_acc: 1.0000  val_acc: 0.8000  tst_acc: 0.8000
1.0000  1.0000  1.0000
0.8000  0.7941  0.7971
0.8176  0.8206  0.7735
157  trn_acc: 1.0000  val_acc: 0.8000  tst_acc: 0.8176
1.0000  1.0000  1.0000
0.7824  0.7735  0.7647
0.7647  0.7706  0.7618
158  trn_acc: 1.0000  val_acc: 0.7824  tst_acc: 0.7647
1.0000  1.0000  1.0000
0.8000  0.8118  0.8118
0.8147  0.8000  0.7912
159  trn_acc: 1.0000  val_acc: 0.8000  tst_acc: 0.8147
1.0000  1.0000  1.0000
0.7941  0.7735  0.8118
0.8059  0.7794  0.7618
160  trn_acc: 1.0000  val_acc: 0.7941  tst_acc: 0.8059
1.0000  1.0000  1.0000
0.7971  0.7735  0.7971
0.8176  0.7735  0.7853
161  trn_acc: 1.0000  val_acc: 0.7971  tst_acc: 0.8176
1.0000  1.0000  1.0000
0.8000  0.7794  0.7912
0.8176  0.7971  0.8059
162  trn_acc: 1.0000  val_acc: 0.8000  tst_acc: 0.8176
1.0000  0.9985  1.0000
0.8118  0.7794  0.7706
0.8265  0.7882  0.7676
163  trn_acc: 1.0000  val_acc: 0.8118  tst_acc: 0.8265
0.9971  0.9912  0.9985
0.7794  0.7529  0.7265
0.7735  0.7471  0.7294
164  trn_acc: 0.9971  val_acc: 0.7794  tst_acc: 0.7735
1.0000  1.0000  1.0000
0.8176  0.7941  0.8088
0.8206  0.7824  0.7912
165  trn_acc: 1.0000  val_acc: 0.8176  tst_acc: 0.8206
0.9956  0.9971  0.9897
0.7912  0.7529  0.7235
0.7382  0.7588  0.6912
166  trn_acc: 0.9956  val_acc: 0.7912  tst_acc: 0.7382
1.0000  1.0000  1.0000
0.8029  0.7971  0.7588
0.7912  0.7912  0.7765
167  trn_acc: 1.0000  val_acc: 0.8029  tst_acc: 0.7912
1.0000  1.0000  1.0000
0.8029  0.7735  0.7706
0.8147  0.7706  0.7647
168  trn_acc: 1.0000  val_acc: 0.8029  tst_acc: 0.8147
1.0000  1.0000  1.0000
0.8206  0.7853  0.7941
0.8353  0.8088  0.7971
169  trn_acc: 1.0000  val_acc: 0.8206  tst_acc: 0.8353
1.0000  1.0000  1.0000
0.8147  0.7824  0.7706
0.7794  0.7765  0.7647
170  trn_acc: 1.0000  val_acc: 0.8147  tst_acc: 0.7794
0.9956  0.9985  0.9985
0.7824  0.7441  0.7706
0.7765  0.7794  0.7765
171  trn_acc: 0.9956  val_acc: 0.7824  tst_acc: 0.7765
0.9809  0.9985  0.9985
0.7206  0.7441  0.7206
0.7647  0.7647  0.7676
172  trn_acc: 0.9809  val_acc: 0.7206  tst_acc: 0.7647
1.0000  1.0000  0.9985
0.7676  0.7794  0.7765
0.7588  0.7588  0.7647
173  trn_acc: 1.0000  val_acc: 0.7676  tst_acc: 0.7588
0.9838  0.9985  0.9971
0.7588  0.7559  0.7441
0.7588  0.7294  0.7235
174  trn_acc: 0.9838  val_acc: 0.7588  tst_acc: 0.7588
1.0000  1.0000  1.0000
0.7941  0.7794  0.7853
0.7853  0.7794  0.7706
175  trn_acc: 1.0000  val_acc: 0.7941  tst_acc: 0.7853
1.0000  1.0000  1.0000
0.7706  0.7853  0.8059
0.7588  0.7706  0.7588
176  trn_acc: 1.0000  val_acc: 0.7706  tst_acc: 0.7588
1.0000  1.0000  1.0000
0.8265  0.8176  0.8088
0.8206  0.8059  0.7971
177  trn_acc: 1.0000  val_acc: 0.8265  tst_acc: 0.8206
1.0000  1.0000  1.0000
0.8265  0.8088  0.7971
0.8206  0.7912  0.7941
178  trn_acc: 1.0000  val_acc: 0.8265  tst_acc: 0.8206
0.9971  1.0000  1.0000
0.7500  0.7735  0.7735
0.7853  0.7794  0.7588
179  trn_acc: 0.9971  val_acc: 0.7500  tst_acc: 0.7853
1.0000  1.0000  1.0000
0.8029  0.7971  0.7941
0.8324  0.8118  0.7735
180  trn_acc: 1.0000  val_acc: 0.8029  tst_acc: 0.8324
81 0.8441 0.8353 1.0000 1.0000





getGoogleNet_v1_2like_allbn

Doing: 3
(?, 111, 111, 64)
(?, 56, 56, 64)
(?, 56, 56, 192)
(?, 28, 28, 192)
(?, 28, 28, 256)
(?, 28, 28, 480)
(?, 14, 14, 480)
(?, 14, 14, 512)
(?, 17)
(?, 14, 14, 512)
(?, 14, 14, 512)
(?, 14, 14, 528)
(?, 17)
(?, 14, 14, 832)
(?, 7, 7, 832)
(?, 7, 7, 832)
(?, 7, 7, 1024)
(?, 1, 1, 1024)
(?, 1000)
(?, 17)
0.0574  0.0588  0.0588
0.0529  0.0588  0.0588
0.0559  0.0588  0.0588
1  trn_acc: 0.0574  val_acc: 0.0529  tst_acc: 0.0559
0.1044  0.1206  0.1250
0.0882  0.1176  0.1294
0.1147  0.1088  0.1235
2  trn_acc: 0.1044  val_acc: 0.0882  tst_acc: 0.1147
0.1294  0.1824  0.1926
0.1235  0.2088  0.2059
0.1441  0.1912  0.2000
3  trn_acc: 0.1294  val_acc: 0.1235  tst_acc: 0.1441
0.3147  0.4897  0.5103
0.3118  0.4088  0.4824
0.3176  0.4235  0.4529
4  trn_acc: 0.3147  val_acc: 0.3118  tst_acc: 0.3176
0.3897  0.4926  0.4574
0.3676  0.4147  0.4147
0.3824  0.4265  0.4088
5  trn_acc: 0.3897  val_acc: 0.3676  tst_acc: 0.3824
0.5735  0.6853  0.7221
0.5559  0.5941  0.6353
0.5441  0.5941  0.6265
6  trn_acc: 0.5735  val_acc: 0.5559  tst_acc: 0.5441
0.5162  0.6750  0.6559
0.5088  0.5912  0.5853
0.5000  0.5676  0.5912
7  trn_acc: 0.5162  val_acc: 0.5088  tst_acc: 0.5000
0.5529  0.6221  0.7221
0.5088  0.5176  0.6206
0.4794  0.4971  0.6265
8  trn_acc: 0.5529  val_acc: 0.5088  tst_acc: 0.4794
0.5338  0.6853  0.6971
0.4706  0.5265  0.5559
0.5265  0.6265  0.5824
9  trn_acc: 0.5338  val_acc: 0.4706  tst_acc: 0.5265
0.6603  0.8044  0.7426
0.5824  0.6824  0.5882
0.5941  0.6794  0.6147
10  trn_acc: 0.6603  val_acc: 0.5824  tst_acc: 0.5941
0.6735  0.8132  0.8235
0.6147  0.6353  0.6529
0.5853  0.6794  0.6824
11  trn_acc: 0.6735  val_acc: 0.6147  tst_acc: 0.5853
0.7456  0.7897  0.8912
0.6529  0.6206  0.7147
0.6441  0.6765  0.7382
12  trn_acc: 0.7456  val_acc: 0.6529  tst_acc: 0.6441
0.7779  0.8721  0.8809
0.6647  0.6676  0.6794
0.6324  0.6824  0.7294
13  trn_acc: 0.7779  val_acc: 0.6647  tst_acc: 0.6324
0.5765  0.7206  0.8544
0.5147  0.5882  0.6265
0.5118  0.5941  0.6971
14  trn_acc: 0.5765  val_acc: 0.5147  tst_acc: 0.5118
0.7632  0.7426  0.7779
0.6559  0.5529  0.6059
0.6147  0.5941  0.6500
15  trn_acc: 0.7632  val_acc: 0.6559  tst_acc: 0.6147
0.6162  0.7103  0.6426
0.5147  0.5529  0.5235
0.5294  0.5882  0.5353
16  trn_acc: 0.6162  val_acc: 0.5147  tst_acc: 0.5294
0.6882  0.7794  0.7941
0.5765  0.6324  0.6412
0.5500  0.6235  0.6441
17  trn_acc: 0.6882  val_acc: 0.5765  tst_acc: 0.5500
0.7500  0.8426  0.9309
0.6000  0.6529  0.6882
0.6382  0.6824  0.7235
18  trn_acc: 0.7500  val_acc: 0.6000  tst_acc: 0.6382
0.9338  0.9618  0.9632
0.7353  0.7500  0.7294
0.7412  0.7647  0.7353
19  trn_acc: 0.9338  val_acc: 0.7353  tst_acc: 0.7412
0.5779  0.6647  0.8074
0.4824  0.5529  0.6529
0.4765  0.5412  0.6647
20  trn_acc: 0.5779  val_acc: 0.4824  tst_acc: 0.4765
0.8941  0.9324  0.9015
0.7618  0.7353  0.6853
0.7382  0.7324  0.7235
21  trn_acc: 0.8941  val_acc: 0.7618  tst_acc: 0.7382
0.9809  0.9926  0.9809
0.8029  0.7735  0.7559
0.8147  0.8088  0.7706
22  trn_acc: 0.9809  val_acc: 0.8029  tst_acc: 0.8147
0.7794  0.8706  0.8779
0.6235  0.6882  0.6853
0.6235  0.6765  0.6794
23  trn_acc: 0.7794  val_acc: 0.6235  tst_acc: 0.6235
0.9603  0.9912  0.9647
0.7353  0.7618  0.7235
0.7676  0.7765  0.7676
24  trn_acc: 0.9603  val_acc: 0.7353  tst_acc: 0.7676
0.9059  0.9515  0.8382
0.6765  0.6882  0.5912
0.7088  0.7324  0.6235
25  trn_acc: 0.9059  val_acc: 0.6765  tst_acc: 0.7088
0.9353  0.9824  0.9912
0.7382  0.7676  0.7676
0.7118  0.7647  0.7794
26  trn_acc: 0.9353  val_acc: 0.7382  tst_acc: 0.7118
0.9426  0.9926  0.9926
0.7382  0.7735  0.7735
0.7500  0.7971  0.8059
27  trn_acc: 0.9426  val_acc: 0.7382  tst_acc: 0.7500
0.9044  0.9265  0.8397
0.6794  0.6735  0.6029
0.7000  0.6853  0.6029
28  trn_acc: 0.9044  val_acc: 0.6794  tst_acc: 0.7000
0.9221  0.9809  0.9838
0.7441  0.7882  0.7588
0.7441  0.7794  0.7765
29  trn_acc: 0.9221  val_acc: 0.7441  tst_acc: 0.7441
0.8191  0.9221  0.9368
0.6176  0.6912  0.6824
0.6176  0.7000  0.7088
30  trn_acc: 0.8191  val_acc: 0.6176  tst_acc: 0.6176
0.9132  0.9912  0.9853
0.7500  0.7824  0.7676
0.7353  0.7882  0.7912
31  trn_acc: 0.9132  val_acc: 0.7500  tst_acc: 0.7353
0.9941  0.9971  0.9941
0.8059  0.7618  0.7529
0.7912  0.7824  0.7853
32  trn_acc: 0.9941  val_acc: 0.8059  tst_acc: 0.7912
0.9176  0.9662  0.9794
0.7353  0.7324  0.7294
0.6853  0.7235  0.7735
33  trn_acc: 0.9176  val_acc: 0.7353  tst_acc: 0.6853
0.9868  0.9956  0.9868
0.7735  0.7647  0.7647
0.7647  0.7765  0.7794
34  trn_acc: 0.9868  val_acc: 0.7735  tst_acc: 0.7647
0.9338  0.9809  0.9779
0.7206  0.7471  0.7559
0.7294  0.7794  0.7912
35  trn_acc: 0.9338  val_acc: 0.7206  tst_acc: 0.7294
0.9956  1.0000  0.9941
0.8059  0.8059  0.7441
0.8206  0.8353  0.8029
36  trn_acc: 0.9956  val_acc: 0.8059  tst_acc: 0.8206
0.9132  0.9897  0.9794
0.7118  0.7500  0.7353
0.6882  0.7500  0.7676
37  trn_acc: 0.9132  val_acc: 0.7118  tst_acc: 0.6882
0.9397  0.9971  0.9912
0.6618  0.7441  0.7618
0.6882  0.7441  0.8000
38  trn_acc: 0.9397  val_acc: 0.6618  tst_acc: 0.6882
0.9735  0.9794  0.9912
0.7676  0.7382  0.7559
0.7647  0.7382  0.7765
39  trn_acc: 0.9735  val_acc: 0.7676  tst_acc: 0.7647
0.9882  0.9956  0.9853
0.7500  0.7941  0.7618
0.7618  0.8147  0.7882
40  trn_acc: 0.9882  val_acc: 0.7500  tst_acc: 0.7618
0.9559  0.9853  0.9956
0.7441  0.7706  0.7676
0.7618  0.7853  0.8147
41  trn_acc: 0.9559  val_acc: 0.7441  tst_acc: 0.7618
0.9853  0.9838  0.9897
0.7853  0.7765  0.7735
0.7765  0.7853  0.7941
42  trn_acc: 0.9853  val_acc: 0.7853  tst_acc: 0.7765
0.9853  0.9926  0.9926
0.7471  0.7706  0.7765
0.7588  0.7882  0.7912
43  trn_acc: 0.9853  val_acc: 0.7471  tst_acc: 0.7588
0.9941  0.9912  0.9912
0.8118  0.8029  0.7647
0.8147  0.7824  0.7618
44  trn_acc: 0.9941  val_acc: 0.8118  tst_acc: 0.8147
0.8382  0.9147  0.9779
0.6529  0.6882  0.7059
0.6412  0.6765  0.7147
45  trn_acc: 0.8382  val_acc: 0.6529  tst_acc: 0.6412
0.9750  0.9971  0.9956
0.7353  0.7735  0.7529
0.7588  0.7941  0.7706
46  trn_acc: 0.9750  val_acc: 0.7353  tst_acc: 0.7588
0.9765  0.9926  0.9985
0.7706  0.7941  0.7824
0.7706  0.7971  0.7971
47  trn_acc: 0.9765  val_acc: 0.7706  tst_acc: 0.7706
0.9735  0.9985  0.9985
0.7676  0.7676  0.7647
0.7824  0.7794  0.7824
48  trn_acc: 0.9735  val_acc: 0.7676  tst_acc: 0.7824
0.9809  0.9882  0.9912
0.7412  0.7500  0.7559
0.7471  0.7559  0.7941
49  trn_acc: 0.9809  val_acc: 0.7412  tst_acc: 0.7471
0.9882  0.9985  0.9662
0.8118  0.8118  0.7529
0.8147  0.8118  0.7529
50  trn_acc: 0.9882  val_acc: 0.8118  tst_acc: 0.8147
0.9309  0.9691  0.9750
0.6912  0.7000  0.7471
0.7235  0.7324  0.7529
51  trn_acc: 0.9309  val_acc: 0.6912  tst_acc: 0.7235
0.9868  0.9956  0.9941
0.7971  0.7676  0.7647
0.7794  0.7794  0.8118
52  trn_acc: 0.9868  val_acc: 0.7971  tst_acc: 0.7794
0.9941  1.0000  1.0000
0.7824  0.7824  0.7794
0.8118  0.7882  0.7824
53  trn_acc: 0.9941  val_acc: 0.7824  tst_acc: 0.8118
0.8691  0.9500  0.9529
0.6676  0.7412  0.7500
0.6765  0.7382  0.7559
54  trn_acc: 0.8691  val_acc: 0.6676  tst_acc: 0.6765
0.9618  0.9824  0.9971
0.7471  0.7294  0.7853
0.7471  0.7471  0.7971
55  trn_acc: 0.9618  val_acc: 0.7471  tst_acc: 0.7471
0.9721  0.9882  0.9500
0.7588  0.7471  0.7176
0.7235  0.7471  0.7324
56  trn_acc: 0.9721  val_acc: 0.7588  tst_acc: 0.7235
0.9574  0.9926  0.9691
0.7353  0.7735  0.7118
0.7471  0.7529  0.7294
57  trn_acc: 0.9574  val_acc: 0.7353  tst_acc: 0.7471
0.9956  1.0000  0.9985
0.7882  0.8000  0.7706
0.8088  0.8235  0.8118
58  trn_acc: 0.9956  val_acc: 0.7882  tst_acc: 0.8088
0.9853  0.9971  0.9985
0.8118  0.8059  0.7941
0.8000  0.8412  0.8382
59  trn_acc: 0.9853  val_acc: 0.8118  tst_acc: 0.8000
0.9956  0.9882  0.9868
0.7588  0.7353  0.7647
0.8176  0.8088  0.7912
60  trn_acc: 0.9956  val_acc: 0.7588  tst_acc: 0.8176
0.9956  1.0000  1.0000
0.7853  0.7912  0.7706
0.8029  0.8000  0.7941
61  trn_acc: 0.9956  val_acc: 0.7853  tst_acc: 0.8029
1.0000  1.0000  1.0000
0.8294  0.7882  0.7853
0.8324  0.8059  0.8265
62  trn_acc: 1.0000  val_acc: 0.8294  tst_acc: 0.8324
0.9765  0.9912  0.9588
0.7676  0.7882  0.7412
0.7471  0.7618  0.7588
63  trn_acc: 0.9765  val_acc: 0.7676  tst_acc: 0.7471
0.9971  1.0000  0.9956
0.8147  0.8147  0.7676
0.8265  0.8147  0.7971
64  trn_acc: 0.9971  val_acc: 0.8147  tst_acc: 0.8265
0.9868  0.9926  0.9618
0.8000  0.7941  0.7294
0.7824  0.7794  0.7324
65  trn_acc: 0.9868  val_acc: 0.8000  tst_acc: 0.7824
0.9676  0.9676  0.9794
0.7529  0.7206  0.7294
0.7412  0.7353  0.7500
66  trn_acc: 0.9676  val_acc: 0.7529  tst_acc: 0.7412
0.9809  1.0000  0.9779
0.7676  0.7794  0.7324
0.7471  0.7912  0.7735
67  trn_acc: 0.9809  val_acc: 0.7676  tst_acc: 0.7471
0.9897  0.9971  0.9956
0.7882  0.7912  0.7706
0.8206  0.8000  0.7882
68  trn_acc: 0.9897  val_acc: 0.7882  tst_acc: 0.8206
0.9971  1.0000  1.0000
0.7971  0.7853  0.7765
0.7912  0.7794  0.7794
69  trn_acc: 0.9971  val_acc: 0.7971  tst_acc: 0.7912
0.9897  0.9985  0.9912
0.7794  0.7706  0.7412
0.7765  0.7882  0.7794
70  trn_acc: 0.9897  val_acc: 0.7794  tst_acc: 0.7765
0.9926  0.9985  0.9985
0.7500  0.7441  0.7559
0.7588  0.8029  0.8088
71  trn_acc: 0.9926  val_acc: 0.7500  tst_acc: 0.7588
0.9971  0.9985  0.9941
0.8118  0.8265  0.7941
0.8029  0.8382  0.8147
72  trn_acc: 0.9971  val_acc: 0.8118  tst_acc: 0.8029
0.9735  0.9853  0.9926
0.7559  0.7765  0.7941
0.7118  0.7794  0.8000
73  trn_acc: 0.9735  val_acc: 0.7559  tst_acc: 0.7118
0.9779  0.9971  0.9985
0.7735  0.7706  0.7588
0.8000  0.7971  0.7941
74  trn_acc: 0.9779  val_acc: 0.7735  tst_acc: 0.8000
0.9471  0.9838  0.9706
0.7235  0.7529  0.7706
0.7412  0.7853  0.7529
75  trn_acc: 0.9471  val_acc: 0.7235  tst_acc: 0.7412
1.0000  1.0000  1.0000
0.8412  0.8265  0.8265
0.8441  0.8382  0.8441
76  trn_acc: 1.0000  val_acc: 0.8412  tst_acc: 0.8441
1.0000  1.0000  0.9985
0.8118  0.8059  0.7912
0.8235  0.8353  0.8294
77  trn_acc: 1.0000  val_acc: 0.8118  tst_acc: 0.8235
0.9941  0.9941  0.9824
0.7471  0.7412  0.7353
0.7824  0.7706  0.7882
78  trn_acc: 0.9941  val_acc: 0.7471  tst_acc: 0.7824
0.9985  1.0000  1.0000
0.8235  0.8059  0.7824
0.8324  0.8118  0.8118
79  trn_acc: 0.9985  val_acc: 0.8235  tst_acc: 0.8324
1.0000  0.9941  0.9985
0.8441  0.7941  0.7765
0.8088  0.7853  0.8118
80  trn_acc: 1.0000  val_acc: 0.8441  tst_acc: 0.8088
0.9971  0.9985  1.0000
0.8118  0.8176  0.7941
0.8176  0.8147  0.8176
81  trn_acc: 0.9971  val_acc: 0.8118  tst_acc: 0.8176
1.0000  1.0000  0.9971
0.8353  0.8265  0.7706
0.8529  0.8441  0.8206
82  trn_acc: 1.0000  val_acc: 0.8353  tst_acc: 0.8529
0.9956  0.9956  0.9838
0.8382  0.8353  0.7794
0.8471  0.8265  0.8118
83  trn_acc: 0.9956  val_acc: 0.8382  tst_acc: 0.8471
1.0000  1.0000  0.9971
0.8441  0.8294  0.7794
0.8559  0.8206  0.8265
84  trn_acc: 1.0000  val_acc: 0.8441  tst_acc: 0.8559
1.0000  1.0000  0.9985
0.8353  0.8294  0.8235
0.8559  0.8294  0.8206
85  trn_acc: 1.0000  val_acc: 0.8353  tst_acc: 0.8559
1.0000  1.0000  1.0000
0.8353  0.8206  0.7971
0.8235  0.8118  0.8118
86  trn_acc: 1.0000  val_acc: 0.8353  tst_acc: 0.8235
1.0000  1.0000  1.0000
0.8529  0.8206  0.8000
0.8706  0.8412  0.8235
87  trn_acc: 1.0000  val_acc: 0.8529  tst_acc: 0.8706
1.0000  1.0000  0.9985
0.8029  0.8206  0.7912
0.8206  0.8265  0.8147
88  trn_acc: 1.0000  val_acc: 0.8029  tst_acc: 0.8206
1.0000  0.9985  1.0000
0.8382  0.8324  0.8059
0.8471  0.8206  0.8382
89  trn_acc: 1.0000  val_acc: 0.8382  tst_acc: 0.8471
1.0000  1.0000  1.0000
0.8647  0.8441  0.8147
0.8441  0.8206  0.8176
90  trn_acc: 1.0000  val_acc: 0.8647  tst_acc: 0.8441
0.9941  0.9985  0.9897
0.8353  0.8235  0.7912
0.8235  0.8324  0.7971
91  trn_acc: 0.9941  val_acc: 0.8353  tst_acc: 0.8235
1.0000  1.0000  1.0000
0.8529  0.8441  0.8206
0.8676  0.8471  0.8588
92  trn_acc: 1.0000  val_acc: 0.8529  tst_acc: 0.8676
1.0000  1.0000  1.0000
0.8382  0.8029  0.8000
0.8559  0.8382  0.8412
93  trn_acc: 1.0000  val_acc: 0.8382  tst_acc: 0.8559
1.0000  1.0000  0.9985
0.7706  0.7647  0.7324
0.7794  0.7735  0.7500
94  trn_acc: 1.0000  val_acc: 0.7706  tst_acc: 0.7794
0.9985  1.0000  1.0000
0.8794  0.8529  0.8029
0.8559  0.8500  0.8529
95  trn_acc: 0.9985  val_acc: 0.8794  tst_acc: 0.8559
0.9956  0.9985  0.9985
0.7882  0.7971  0.7735
0.8118  0.7971  0.8324
96  trn_acc: 0.9956  val_acc: 0.7882  tst_acc: 0.8118
0.9985  1.0000  1.0000
0.8088  0.8147  0.8000
0.8235  0.8441  0.8441
97  trn_acc: 0.9985  val_acc: 0.8088  tst_acc: 0.8235
0.9985  1.0000  1.0000
0.8176  0.7971  0.8000
0.8206  0.7912  0.8147
98  trn_acc: 0.9985  val_acc: 0.8176  tst_acc: 0.8206
0.9912  0.9926  0.9985
0.8059  0.7853  0.7676
0.7912  0.7735  0.7588
99  trn_acc: 0.9912  val_acc: 0.8059  tst_acc: 0.7912
1.0000  1.0000  0.9971
0.8441  0.8088  0.7853
0.8294  0.8147  0.8059
100  trn_acc: 1.0000  val_acc: 0.8441  tst_acc: 0.8294
1.0000  0.9956  1.0000
0.8029  0.7676  0.8029
0.8206  0.7794  0.8088
101  trn_acc: 1.0000  val_acc: 0.8029  tst_acc: 0.8206
1.0000  1.0000  1.0000
0.8294  0.8118  0.8147
0.8441  0.8324  0.8265
102  trn_acc: 1.0000  val_acc: 0.8294  tst_acc: 0.8441
0.9941  1.0000  0.9926
0.7794  0.7853  0.7412
0.8000  0.7941  0.7588
103  trn_acc: 0.9941  val_acc: 0.7794  tst_acc: 0.8000
1.0000  1.0000  1.0000
0.8324  0.8029  0.8059
0.8118  0.7971  0.8235
104  trn_acc: 1.0000  val_acc: 0.8324  tst_acc: 0.8118
1.0000  1.0000  1.0000
0.8059  0.8088  0.7941
0.8324  0.8206  0.8029
105  trn_acc: 1.0000  val_acc: 0.8059  tst_acc: 0.8324
1.0000  1.0000  1.0000
0.8235  0.8118  0.8029
0.8294  0.8176  0.8471
106  trn_acc: 1.0000  val_acc: 0.8235  tst_acc: 0.8294
1.0000  1.0000  1.0000
0.8176  0.8000  0.7941
0.8382  0.8206  0.8059
107  trn_acc: 1.0000  val_acc: 0.8176  tst_acc: 0.8382
0.9853  0.9882  0.9912
0.7971  0.7500  0.7529
0.7941  0.7765  0.8000
108  trn_acc: 0.9853  val_acc: 0.7971  tst_acc: 0.7941
0.9985  1.0000  0.9676
0.8147  0.7824  0.7676
0.8412  0.7971  0.7676
109  trn_acc: 0.9985  val_acc: 0.8147  tst_acc: 0.8412
0.9868  0.9926  0.9956
0.7941  0.7794  0.7941
0.7794  0.7971  0.8206
110  trn_acc: 0.9868  val_acc: 0.7941  tst_acc: 0.7794
0.9912  1.0000  1.0000
0.8147  0.7912  0.7912
0.8265  0.7882  0.8147
111  trn_acc: 0.9912  val_acc: 0.8147  tst_acc: 0.8265
1.0000  1.0000  1.0000
0.8147  0.8059  0.8000
0.8382  0.8147  0.8235
112  trn_acc: 1.0000  val_acc: 0.8147  tst_acc: 0.8382
1.0000  1.0000  1.0000
0.8265  0.8176  0.8206
0.8441  0.8147  0.8353
113  trn_acc: 1.0000  val_acc: 0.8265  tst_acc: 0.8441
0.9985  0.9985  1.0000
0.7647  0.7794  0.7912
0.7853  0.7824  0.7941
114  trn_acc: 0.9985  val_acc: 0.7647  tst_acc: 0.7853
0.9941  0.9926  0.9912
0.8235  0.7971  0.7735
0.7824  0.7882  0.7765
115  trn_acc: 0.9941  val_acc: 0.8235  tst_acc: 0.7824
0.9985  1.0000  1.0000
0.8412  0.8353  0.8000
0.8118  0.8029  0.8294
116  trn_acc: 0.9985  val_acc: 0.8412  tst_acc: 0.8118
0.9926  0.9971  1.0000
0.8324  0.8029  0.7794
0.7765  0.7882  0.8088
117  trn_acc: 0.9926  val_acc: 0.8324  tst_acc: 0.7765
1.0000  1.0000  1.0000
0.8176  0.8176  0.8029
0.8059  0.8265  0.8353
118  trn_acc: 1.0000  val_acc: 0.8176  tst_acc: 0.8059
1.0000  1.0000  1.0000
0.8088  0.8118  0.7824
0.8235  0.7824  0.8118
119  trn_acc: 1.0000  val_acc: 0.8088  tst_acc: 0.8235
1.0000  1.0000  1.0000
0.8471  0.8206  0.8059
0.8382  0.8059  0.8382
120  trn_acc: 1.0000  val_acc: 0.8471  tst_acc: 0.8382
0.9985  0.9985  0.9985
0.8059  0.7824  0.7794
0.7853  0.7824  0.7735
121  trn_acc: 0.9985  val_acc: 0.8059  tst_acc: 0.7853
1.0000  1.0000  0.9971
0.7941  0.8118  0.7824
0.8235  0.8206  0.8324
122  trn_acc: 1.0000  val_acc: 0.7941  tst_acc: 0.8235
1.0000  1.0000  1.0000
0.7941  0.8029  0.8029
0.8235  0.7912  0.8176
123  trn_acc: 1.0000  val_acc: 0.7941  tst_acc: 0.8235
0.9971  1.0000  1.0000
0.7941  0.7941  0.7676
0.7941  0.8029  0.8088
124  trn_acc: 0.9971  val_acc: 0.7941  tst_acc: 0.7941
1.0000  1.0000  1.0000
0.8059  0.8000  0.7676
0.8324  0.8147  0.7971
125  trn_acc: 1.0000  val_acc: 0.8059  tst_acc: 0.8324
0.9956  0.9985  0.9735
0.7941  0.7853  0.6941
0.8147  0.7735  0.6941
126  trn_acc: 0.9956  val_acc: 0.7941  tst_acc: 0.8147
0.9985  1.0000  0.9985
0.7971  0.8176  0.7853
0.7824  0.8029  0.7912
127  trn_acc: 0.9985  val_acc: 0.7971  tst_acc: 0.7824
1.0000  1.0000  1.0000
0.8353  0.8176  0.8059
0.8382  0.8059  0.8176
128  trn_acc: 1.0000  val_acc: 0.8353  tst_acc: 0.8382
1.0000  1.0000  1.0000
0.8471  0.8441  0.8176
0.8412  0.8353  0.8235
129  trn_acc: 1.0000  val_acc: 0.8471  tst_acc: 0.8412
0.9985  1.0000  1.0000
0.8147  0.7735  0.7500
0.8265  0.8029  0.8000
130  trn_acc: 0.9985  val_acc: 0.8147  tst_acc: 0.8265
1.0000  1.0000  1.0000
0.8588  0.8382  0.8265
0.8588  0.8412  0.8382
131  trn_acc: 1.0000  val_acc: 0.8588  tst_acc: 0.8588
0.9926  1.0000  1.0000
0.8235  0.8529  0.8118
0.8088  0.8176  0.8059
132  trn_acc: 0.9926  val_acc: 0.8235  tst_acc: 0.8088
1.0000  1.0000  1.0000
0.8353  0.8265  0.8176
0.8529  0.8324  0.8235
133  trn_acc: 1.0000  val_acc: 0.8353  tst_acc: 0.8529
0.9985  1.0000  1.0000
0.8529  0.8294  0.8059
0.8176  0.8382  0.8324
134  trn_acc: 0.9985  val_acc: 0.8529  tst_acc: 0.8176
0.9971  1.0000  1.0000
0.8029  0.8294  0.7824
0.8265  0.8265  0.8324
135  trn_acc: 0.9971  val_acc: 0.8029  tst_acc: 0.8265
1.0000  1.0000  1.0000
0.8382  0.8412  0.8029
0.8382  0.8353  0.8529
136  trn_acc: 1.0000  val_acc: 0.8382  tst_acc: 0.8382
1.0000  1.0000  0.9985
0.8382  0.8471  0.7824
0.8588  0.8500  0.8176
137  trn_acc: 1.0000  val_acc: 0.8382  tst_acc: 0.8588
0.9809  0.9971  0.9985
0.7794  0.8235  0.7706
0.7824  0.8088  0.7912
138  trn_acc: 0.9809  val_acc: 0.7794  tst_acc: 0.7824
1.0000  1.0000  0.9971
0.8029  0.7941  0.7794
0.8294  0.8265  0.8206
139  trn_acc: 1.0000  val_acc: 0.8029  tst_acc: 0.8294
0.9985  0.9985  1.0000
0.7882  0.7912  0.7882
0.8059  0.8118  0.8382
140  trn_acc: 0.9985  val_acc: 0.7882  tst_acc: 0.8059
1.0000  1.0000  1.0000
0.8206  0.8353  0.7912
0.8294  0.8147  0.8529
141  trn_acc: 1.0000  val_acc: 0.8206  tst_acc: 0.8294
0.9985  0.9985  0.9985
0.8265  0.8147  0.7912
0.8118  0.8206  0.8088
142  trn_acc: 0.9985  val_acc: 0.8265  tst_acc: 0.8118
1.0000  1.0000  1.0000
0.8647  0.8500  0.8088
0.8500  0.8382  0.8235
143  trn_acc: 1.0000  val_acc: 0.8647  tst_acc: 0.8500
1.0000  1.0000  1.0000
0.8412  0.8294  0.7971
0.8441  0.8265  0.8176
144  trn_acc: 1.0000  val_acc: 0.8412  tst_acc: 0.8441
1.0000  1.0000  1.0000
0.8294  0.8441  0.7882
0.8059  0.8147  0.8059
145  trn_acc: 1.0000  val_acc: 0.8294  tst_acc: 0.8059
1.0000  1.0000  1.0000
0.8382  0.8382  0.8147
0.8000  0.8147  0.8382
146  trn_acc: 1.0000  val_acc: 0.8382  tst_acc: 0.8000
0.9926  0.9971  1.0000
0.7971  0.7971  0.7676
0.8265  0.8324  0.8176
147  trn_acc: 0.9926  val_acc: 0.7971  tst_acc: 0.8265
0.9221  0.9382  0.9691
0.7412  0.7353  0.7412
0.7206  0.7029  0.7441
148  trn_acc: 0.9221  val_acc: 0.7412  tst_acc: 0.7206
0.9809  0.9926  0.9882
0.7588  0.7588  0.7441
0.7765  0.7824  0.7676
149  trn_acc: 0.9809  val_acc: 0.7588  tst_acc: 0.7765
1.0000  1.0000  0.9985
0.8412  0.8235  0.8088
0.8500  0.8353  0.8382
150  trn_acc: 1.0000  val_acc: 0.8412  tst_acc: 0.8500
0.9941  1.0000  1.0000
0.8118  0.8059  0.7912
0.8176  0.8147  0.8265
151  trn_acc: 0.9941  val_acc: 0.8118  tst_acc: 0.8176
1.0000  1.0000  1.0000
0.8706  0.8500  0.8118
0.8353  0.8353  0.8324
152  trn_acc: 1.0000  val_acc: 0.8706  tst_acc: 0.8353
1.0000  1.0000  1.0000
0.8382  0.8029  0.7971
0.8265  0.8353  0.8441
153  trn_acc: 1.0000  val_acc: 0.8382  tst_acc: 0.8265
1.0000  1.0000  1.0000
0.8794  0.8441  0.8324
0.8559  0.8382  0.8588
154  trn_acc: 1.0000  val_acc: 0.8794  tst_acc: 0.8559
0.9809  0.9941  1.0000
0.8059  0.7971  0.7794
0.7941  0.8147  0.8147
155  trn_acc: 0.9809  val_acc: 0.8059  tst_acc: 0.7941
0.9956  1.0000  1.0000
0.8118  0.8029  0.8176
0.8147  0.8382  0.8235
156  trn_acc: 0.9956  val_acc: 0.8118  tst_acc: 0.8147
1.0000  1.0000  1.0000
0.8088  0.8176  0.7882
0.8176  0.8294  0.8235
157  trn_acc: 1.0000  val_acc: 0.8088  tst_acc: 0.8176
1.0000  1.0000  1.0000
0.7735  0.7706  0.7971
0.7912  0.8029  0.7971
158  trn_acc: 1.0000  val_acc: 0.7735  tst_acc: 0.7912
1.0000  1.0000  1.0000
0.8294  0.8294  0.8000
0.8294  0.8265  0.8294
159  trn_acc: 1.0000  val_acc: 0.8294  tst_acc: 0.8294
1.0000  1.0000  1.0000
0.8147  0.8235  0.7912
0.8294  0.8324  0.8235
160  trn_acc: 1.0000  val_acc: 0.8147  tst_acc: 0.8294
0.9956  1.0000  0.9985
0.8265  0.8176  0.7853
0.8441  0.8147  0.7971
161  trn_acc: 0.9956  val_acc: 0.8265  tst_acc: 0.8441
0.9985  1.0000  1.0000
0.7882  0.8118  0.7941
0.8118  0.8412  0.8176
162  trn_acc: 0.9985  val_acc: 0.7882  tst_acc: 0.8118
1.0000  1.0000  1.0000
0.8206  0.8324  0.8294
0.8265  0.8353  0.8412
163  trn_acc: 1.0000  val_acc: 0.8206  tst_acc: 0.8265
1.0000  1.0000  0.9985
0.8265  0.8206  0.7676
0.8324  0.8324  0.8088
164  trn_acc: 1.0000  val_acc: 0.8265  tst_acc: 0.8324
0.9735  0.9956  0.9941
0.7794  0.8265  0.7529
0.7853  0.8147  0.7912
165  trn_acc: 0.9735  val_acc: 0.7794  tst_acc: 0.7853
0.9897  0.9985  0.9926
0.7912  0.7882  0.7147
0.7559  0.7706  0.7029
166  trn_acc: 0.9897  val_acc: 0.7912  tst_acc: 0.7559
1.0000  1.0000  1.0000
0.8059  0.8088  0.8235
0.8206  0.8294  0.8353
167  trn_acc: 1.0000  val_acc: 0.8059  tst_acc: 0.8206
1.0000  1.0000  0.9985
0.7471  0.7765  0.7853
0.8000  0.7971  0.8176
168  trn_acc: 1.0000  val_acc: 0.7471  tst_acc: 0.8000
0.9956  1.0000  1.0000
0.7588  0.7882  0.7882
0.7500  0.7794  0.7941
169  trn_acc: 0.9956  val_acc: 0.7588  tst_acc: 0.7500
1.0000  1.0000  1.0000
0.7941  0.7853  0.7647
0.8088  0.7706  0.7912
170  trn_acc: 1.0000  val_acc: 0.7941  tst_acc: 0.8088
1.0000  1.0000  1.0000
0.8324  0.8353  0.7971
0.8471  0.8176  0.8059
171  trn_acc: 1.0000  val_acc: 0.8324  tst_acc: 0.8471
1.0000  1.0000  0.9971
0.8353  0.8294  0.8029
0.8471  0.8265  0.8265
172  trn_acc: 1.0000  val_acc: 0.8353  tst_acc: 0.8471
0.9897  0.9868  0.9897
0.8118  0.7941  0.7441
0.7941  0.7735  0.7529
173  trn_acc: 0.9897  val_acc: 0.8118  tst_acc: 0.7941
1.0000  1.0000  1.0000
0.8618  0.8294  0.8029
0.8412  0.8088  0.8147
174  trn_acc: 1.0000  val_acc: 0.8618  tst_acc: 0.8412
0.9926  0.9971  0.9971
0.7735  0.7647  0.7676
0.7824  0.7765  0.8000
175  trn_acc: 0.9926  val_acc: 0.7735  tst_acc: 0.7824
0.9985  1.0000  0.9985
0.8235  0.8118  0.7853
0.8324  0.8088  0.8147
176  trn_acc: 0.9985  val_acc: 0.8235  tst_acc: 0.8324
1.0000  1.0000  0.9897
0.8706  0.8412  0.7706
0.8588  0.8176  0.7500
177  trn_acc: 1.0000  val_acc: 0.8706  tst_acc: 0.8588
1.0000  1.0000  1.0000
0.8324  0.8176  0.8059
0.8588  0.8324  0.8412
178  trn_acc: 1.0000  val_acc: 0.8324  tst_acc: 0.8588
0.9044  0.9941  0.9985
0.6853  0.7765  0.7735
0.6765  0.7618  0.8147
179  trn_acc: 0.9044  val_acc: 0.6853  tst_acc: 0.6765
0.9956  1.0000  1.0000
0.7912  0.7618  0.7941
0.8088  0.7853  0.8147
180  trn_acc: 0.9956  val_acc: 0.7912  tst_acc: 0.8088
95 0.8559 0.8794 0.9985 1.0000
