


getGoogleNet_v3

Doing: 1
(?, 147, 147, 64)
(?, 73, 73, 64)
(?, 71, 71, 192)
(?, 35, 35, 192)
(?, 35, 35, 256)
(?, 35, 35, 288)
(?, 17, 17, 768)
(?, 17, 17, 768)
(?, 17, 17, 768)
(?, 17, 17, 768)
(?, 17)
(?, 8, 8, 1280)
(?, 8, 8, 2048)
(?, 1, 1, 2048)
(?, 17)
0.0588  0.0618
0.0588  0.0853
0.0588  0.0735
1  trn_acc: 0.0588  val_acc: 0.0588  tst_acc: 0.0588
0.0588  0.0618
0.0588  0.0676
0.0588  0.0735
2  trn_acc: 0.0588  val_acc: 0.0588  tst_acc: 0.0588
0.1279  0.2338
0.1265  0.1971
0.1324  0.2412
3  trn_acc: 0.1279  val_acc: 0.1265  tst_acc: 0.1324
0.2412  0.4559
0.1824  0.3353
0.2265  0.3647
4  trn_acc: 0.2412  val_acc: 0.1824  tst_acc: 0.2265
0.4118  0.4971
0.3588  0.3647
0.3912  0.4471
5  trn_acc: 0.4118  val_acc: 0.3588  tst_acc: 0.3912
0.5074  0.6588
0.4206  0.5294
0.4824  0.5647
6  trn_acc: 0.5074  val_acc: 0.4206  tst_acc: 0.4824
0.5397  0.6176
0.4706  0.4618
0.5265  0.5265
7  trn_acc: 0.5397  val_acc: 0.4706  tst_acc: 0.5265
0.6191  0.7691
0.5118  0.4912
0.5588  0.5647
8  trn_acc: 0.6191  val_acc: 0.5118  tst_acc: 0.5588
0.7265  0.8324
0.5706  0.5324
0.6471  0.6176
9  trn_acc: 0.7265  val_acc: 0.5706  tst_acc: 0.6471
0.6088  0.7250
0.5176  0.5029
0.5529  0.5471
10  trn_acc: 0.6088  val_acc: 0.5176  tst_acc: 0.5529
0.6044  0.8221
0.4971  0.5618
0.5471  0.6471
11  trn_acc: 0.6044  val_acc: 0.4971  tst_acc: 0.5471
0.5912  0.8368
0.4500  0.5294
0.5471  0.6294
12  trn_acc: 0.5912  val_acc: 0.4500  tst_acc: 0.5471
0.8221  0.9500
0.6882  0.5882
0.7176  0.6647
13  trn_acc: 0.8221  val_acc: 0.6882  tst_acc: 0.7176
0.8544  0.9426
0.6765  0.6412
0.7324  0.6794
14  trn_acc: 0.8544  val_acc: 0.6765  tst_acc: 0.7324
0.7912  0.9221
0.6441  0.6235
0.6882  0.6735
15  trn_acc: 0.7912  val_acc: 0.6441  tst_acc: 0.6882
0.8059  0.9074
0.6294  0.5912
0.6941  0.6765
16  trn_acc: 0.8059  val_acc: 0.6294  tst_acc: 0.6941
0.8324  0.9132
0.6353  0.5882
0.7176  0.6706
17  trn_acc: 0.8324  val_acc: 0.6353  tst_acc: 0.7176
0.8603  0.9206
0.6353  0.6176
0.7029  0.6882
18  trn_acc: 0.8603  val_acc: 0.6353  tst_acc: 0.7029
0.8971  0.9515
0.6971  0.6147
0.7647  0.6735
19  trn_acc: 0.8971  val_acc: 0.6971  tst_acc: 0.7647
0.8103  0.9471
0.6176  0.6235
0.6765  0.6559
20  trn_acc: 0.8103  val_acc: 0.6176  tst_acc: 0.6765
0.5603  0.7441
0.4235  0.4912
0.4971  0.5500
21  trn_acc: 0.5603  val_acc: 0.4235  tst_acc: 0.4971
0.9647  0.9824
0.7647  0.6382
0.7882  0.6971
22  trn_acc: 0.9647  val_acc: 0.7647  tst_acc: 0.7882
0.7926  0.9397
0.5853  0.5853
0.6235  0.6941
23  trn_acc: 0.7926  val_acc: 0.5853  tst_acc: 0.6235
0.9794  1.0000
0.7559  0.6529
0.7706  0.7382
24  trn_acc: 0.9794  val_acc: 0.7559  tst_acc: 0.7706
0.9132  0.9721
0.6647  0.6206
0.6824  0.6971
25  trn_acc: 0.9132  val_acc: 0.6647  tst_acc: 0.6824
0.9691  1.0000
0.7471  0.6676
0.7912  0.7471
26  trn_acc: 0.9691  val_acc: 0.7471  tst_acc: 0.7912
0.8868  0.9765
0.6324  0.6235
0.6941  0.6971
27  trn_acc: 0.8868  val_acc: 0.6324  tst_acc: 0.6941
0.9941  1.0000
0.7794  0.6500
0.7941  0.7412
28  trn_acc: 0.9941  val_acc: 0.7794  tst_acc: 0.7941
0.9000  0.9750
0.6353  0.6147
0.7176  0.6824
29  trn_acc: 0.9000  val_acc: 0.6353  tst_acc: 0.7176
0.9338  0.9941
0.7382  0.6559
0.7529  0.7206
30  trn_acc: 0.9338  val_acc: 0.7382  tst_acc: 0.7529
0.9603  0.9676
0.6941  0.6088
0.7971  0.7118
31  trn_acc: 0.9603  val_acc: 0.6941  tst_acc: 0.7971
0.9500  0.9912
0.7412  0.6471
0.7500  0.7176
32  trn_acc: 0.9500  val_acc: 0.7412  tst_acc: 0.7500
0.9632  0.9926
0.6824  0.6324
0.7735  0.7029
33  trn_acc: 0.9632  val_acc: 0.6824  tst_acc: 0.7735
0.9059  0.9765
0.6382  0.6147
0.7324  0.7235
34  trn_acc: 0.9059  val_acc: 0.6382  tst_acc: 0.7324
0.9324  0.9721
0.7000  0.6147
0.7353  0.6941
35  trn_acc: 0.9324  val_acc: 0.7000  tst_acc: 0.7353
0.9397  0.9912
0.6794  0.6324
0.7471  0.7206
36  trn_acc: 0.9397  val_acc: 0.6794  tst_acc: 0.7471
0.9647  0.9971
0.7206  0.6382
0.7735  0.7382
37  trn_acc: 0.9647  val_acc: 0.7206  tst_acc: 0.7735
0.9706  0.9956
0.7265  0.6412
0.7559  0.7618
38  trn_acc: 0.9706  val_acc: 0.7265  tst_acc: 0.7559
0.9603  0.9868
0.6912  0.6088
0.7353  0.6735
39  trn_acc: 0.9603  val_acc: 0.6912  tst_acc: 0.7353
0.9559  0.9897
0.6676  0.6382
0.7706  0.6765
40  trn_acc: 0.9559  val_acc: 0.6676  tst_acc: 0.7706
0.9956  1.0000
0.7647  0.6529
0.8000  0.7324
41  trn_acc: 0.9956  val_acc: 0.7647  tst_acc: 0.8000
0.9956  1.0000
0.7147  0.6529
0.7971  0.7294
42  trn_acc: 0.9956  val_acc: 0.7147  tst_acc: 0.7971
0.9750  0.9985
0.7029  0.6382
0.7853  0.7471
43  trn_acc: 0.9750  val_acc: 0.7029  tst_acc: 0.7853
0.9912  1.0000
0.7059  0.6412
0.7735  0.7412
44  trn_acc: 0.9912  val_acc: 0.7059  tst_acc: 0.7735
0.8309  0.9324
0.6118  0.5941
0.6324  0.6529
45  trn_acc: 0.8309  val_acc: 0.6118  tst_acc: 0.6324
0.9868  0.9985
0.7265  0.6559
0.7882  0.7529
46  trn_acc: 0.9868  val_acc: 0.7265  tst_acc: 0.7882
0.9882  0.9971
0.7324  0.6441
0.7971  0.7206
47  trn_acc: 0.9882  val_acc: 0.7324  tst_acc: 0.7971
0.9897  0.9956
0.7000  0.6529
0.7882  0.7147
48  trn_acc: 0.9897  val_acc: 0.7000  tst_acc: 0.7882
0.9603  0.9971
0.6794  0.6294
0.7471  0.7294
49  trn_acc: 0.9603  val_acc: 0.6794  tst_acc: 0.7471
0.9838  0.9941
0.7353  0.6471
0.7676  0.7176
50  trn_acc: 0.9838  val_acc: 0.7353  tst_acc: 0.7676
0.9926  1.0000
0.7294  0.6294
0.7882  0.7471
51  trn_acc: 0.9926  val_acc: 0.7294  tst_acc: 0.7882
0.9882  1.0000
0.7324  0.6500
0.7765  0.7235
52  trn_acc: 0.9882  val_acc: 0.7324  tst_acc: 0.7765
0.9941  1.0000
0.7029  0.6471
0.7824  0.7235
53  trn_acc: 0.9941  val_acc: 0.7029  tst_acc: 0.7824
0.9985  0.9985
0.7353  0.6647
0.7912  0.7265
54  trn_acc: 0.9985  val_acc: 0.7353  tst_acc: 0.7912
0.9574  0.9662
0.6412  0.6029
0.7147  0.6912
55  trn_acc: 0.9574  val_acc: 0.6412  tst_acc: 0.7147
0.9750  0.9985
0.7029  0.6529
0.7559  0.6912
56  trn_acc: 0.9750  val_acc: 0.7029  tst_acc: 0.7559
0.9926  0.9971
0.7382  0.6618
0.8088  0.7088
57  trn_acc: 0.9926  val_acc: 0.7382  tst_acc: 0.8088
0.9206  0.9838
0.6735  0.6471
0.7441  0.7235
58  trn_acc: 0.9206  val_acc: 0.6735  tst_acc: 0.7441
0.9941  0.9956
0.7294  0.6206
0.7941  0.7059
59  trn_acc: 0.9941  val_acc: 0.7294  tst_acc: 0.7941
0.9956  1.0000
0.7412  0.6647
0.7941  0.7294
60  trn_acc: 0.9956  val_acc: 0.7412  tst_acc: 0.7941
0.9971  0.9985
0.7118  0.6735
0.7824  0.7235
61  trn_acc: 0.9971  val_acc: 0.7118  tst_acc: 0.7824
0.9809  1.0000
0.7029  0.6235
0.7941  0.7206
62  trn_acc: 0.9809  val_acc: 0.7029  tst_acc: 0.7941
0.9750  0.9926
0.7029  0.6235
0.7706  0.6882
63  trn_acc: 0.9750  val_acc: 0.7029  tst_acc: 0.7706
0.9941  0.9926
0.7000  0.6118
0.7853  0.6735
64  trn_acc: 0.9941  val_acc: 0.7000  tst_acc: 0.7853
0.9971  1.0000
0.7382  0.6588
0.7853  0.7353
65  trn_acc: 0.9971  val_acc: 0.7382  tst_acc: 0.7853
0.9941  1.0000
0.7324  0.6529
0.8000  0.7324
66  trn_acc: 0.9941  val_acc: 0.7324  tst_acc: 0.8000
0.9779  0.9882
0.7294  0.6118
0.7588  0.6941
67  trn_acc: 0.9779  val_acc: 0.7294  tst_acc: 0.7588
0.9824  0.9971
0.7000  0.6294
0.7441  0.7118
68  trn_acc: 0.9824  val_acc: 0.7000  tst_acc: 0.7441
0.9971  1.0000
0.7471  0.6382
0.7706  0.7206
69  trn_acc: 0.9971  val_acc: 0.7471  tst_acc: 0.7706
0.9985  0.9941
0.7294  0.6265
0.8000  0.7059
70  trn_acc: 0.9985  val_acc: 0.7294  tst_acc: 0.8000
0.9706  0.9676
0.7265  0.5912
0.7765  0.6971
71  trn_acc: 0.9706  val_acc: 0.7265  tst_acc: 0.7765
1.0000  1.0000
0.7529  0.6618
0.8235  0.7529
72  trn_acc: 1.0000  val_acc: 0.7529  tst_acc: 0.8235
0.9868  0.9926
0.7265  0.6206
0.7618  0.6853
73  trn_acc: 0.9868  val_acc: 0.7265  tst_acc: 0.7618
0.9926  0.9941
0.7029  0.6147
0.7618  0.6735
74  trn_acc: 0.9926  val_acc: 0.7029  tst_acc: 0.7618
0.9588  0.9794
0.6824  0.6118
0.7147  0.6647
75  trn_acc: 0.9588  val_acc: 0.6824  tst_acc: 0.7147
1.0000  0.9985
0.7676  0.6588
0.8206  0.7088
76  trn_acc: 1.0000  val_acc: 0.7676  tst_acc: 0.8206
0.9882  1.0000
0.7294  0.6618
0.7765  0.7294
77  trn_acc: 0.9882  val_acc: 0.7294  tst_acc: 0.7765
0.9485  0.9985
0.6588  0.6324
0.7441  0.7147
78  trn_acc: 0.9485  val_acc: 0.6588  tst_acc: 0.7441
0.9868  1.0000
0.6735  0.6441
0.7618  0.7265
79  trn_acc: 0.9868  val_acc: 0.6735  tst_acc: 0.7618
0.9265  0.9897
0.6471  0.6176
0.6853  0.6824
80  trn_acc: 0.9265  val_acc: 0.6471  tst_acc: 0.6853
0.9765  0.9765
0.7382  0.6000
0.7559  0.7059
81  trn_acc: 0.9765  val_acc: 0.7382  tst_acc: 0.7559
0.9574  0.9985
0.6824  0.6471
0.7353  0.6941
82  trn_acc: 0.9574  val_acc: 0.6824  tst_acc: 0.7353
0.9956  0.9971
0.7471  0.6265
0.8029  0.6971
83  trn_acc: 0.9956  val_acc: 0.7471  tst_acc: 0.8029
0.8279  0.9618
0.5294  0.5324
0.6235  0.6412
84  trn_acc: 0.8279  val_acc: 0.5294  tst_acc: 0.6235
0.9809  1.0000
0.7206  0.6235
0.7500  0.7000
85  trn_acc: 0.9809  val_acc: 0.7206  tst_acc: 0.7500
1.0000  0.9971
0.7441  0.6441
0.7882  0.7382
86  trn_acc: 1.0000  val_acc: 0.7441  tst_acc: 0.7882
0.9912  0.9971
0.7559  0.6647
0.7765  0.7265
87  trn_acc: 0.9912  val_acc: 0.7559  tst_acc: 0.7765
0.9971  1.0000
0.7206  0.6206
0.7882  0.7353
88  trn_acc: 0.9971  val_acc: 0.7206  tst_acc: 0.7882
0.9926  0.9971
0.7206  0.5971
0.7765  0.7353
89  trn_acc: 0.9926  val_acc: 0.7206  tst_acc: 0.7765
1.0000  1.0000
0.7471  0.6147
0.8029  0.7265
90  trn_acc: 1.0000  val_acc: 0.7471  tst_acc: 0.8029
0.9956  1.0000
0.7559  0.6618
0.7824  0.7382
91  trn_acc: 0.9956  val_acc: 0.7559  tst_acc: 0.7824
0.9956  0.9956
0.7441  0.6353
0.7912  0.7412
92  trn_acc: 0.9956  val_acc: 0.7441  tst_acc: 0.7912
1.0000  1.0000
0.7706  0.6529
0.8118  0.7294
93  trn_acc: 1.0000  val_acc: 0.7706  tst_acc: 0.8118
0.9971  0.9956
0.7500  0.6412
0.7824  0.7206
94  trn_acc: 0.9971  val_acc: 0.7500  tst_acc: 0.7824
1.0000  1.0000
0.7559  0.6500
0.7971  0.7441
95  trn_acc: 1.0000  val_acc: 0.7559  tst_acc: 0.7971
0.9912  0.9941
0.7294  0.6353
0.7882  0.6618
96  trn_acc: 0.9912  val_acc: 0.7294  tst_acc: 0.7882
1.0000  1.0000
0.7735  0.6382
0.7941  0.7176
97  trn_acc: 1.0000  val_acc: 0.7735  tst_acc: 0.7941
0.9971  0.9956
0.7353  0.6176
0.8000  0.7029
98  trn_acc: 0.9971  val_acc: 0.7353  tst_acc: 0.8000
0.9985  0.9985
0.7529  0.6412
0.7912  0.7118
99  trn_acc: 0.9985  val_acc: 0.7529  tst_acc: 0.7912
0.9779  0.9971
0.7559  0.6706
0.7824  0.7353
100  trn_acc: 0.9779  val_acc: 0.7559  tst_acc: 0.7824
0.9941  0.9971
0.7471  0.6353
0.7853  0.7000
101  trn_acc: 0.9941  val_acc: 0.7471  tst_acc: 0.7853
0.9971  1.0000
0.7529  0.6412
0.7912  0.7147
102  trn_acc: 0.9971  val_acc: 0.7529  tst_acc: 0.7912
0.9941  1.0000
0.7500  0.6471
0.8059  0.7176
103  trn_acc: 0.9941  val_acc: 0.7500  tst_acc: 0.8059
0.9985  0.9985
0.7324  0.6529
0.8294  0.7324
104  trn_acc: 0.9985  val_acc: 0.7324  tst_acc: 0.8294
0.9868  0.9926
0.7559  0.6118
0.7882  0.7118
105  trn_acc: 0.9868  val_acc: 0.7559  tst_acc: 0.7882
0.9971  1.0000
0.7471  0.6176
0.7794  0.7235
106  trn_acc: 0.9971  val_acc: 0.7471  tst_acc: 0.7794
0.9882  0.9956
0.6971  0.5971
0.7765  0.6853
107  trn_acc: 0.9882  val_acc: 0.6971  tst_acc: 0.7765
0.9971  0.9956
0.7412  0.6324
0.8029  0.7147
108  trn_acc: 0.9971  val_acc: 0.7412  tst_acc: 0.8029
0.9985  1.0000
0.7441  0.6206
0.8000  0.7235
109  trn_acc: 0.9985  val_acc: 0.7441  tst_acc: 0.8000
1.0000  1.0000
0.7824  0.6324
0.8118  0.7412
110  trn_acc: 1.0000  val_acc: 0.7824  tst_acc: 0.8118
1.0000  1.0000
0.7971  0.6353
0.8265  0.7529
111  trn_acc: 1.0000  val_acc: 0.7971  tst_acc: 0.8265
1.0000  1.0000
0.7971  0.6588
0.8412  0.7441
112  trn_acc: 1.0000  val_acc: 0.7971  tst_acc: 0.8412
0.9926  1.0000
0.7618  0.6353
0.7706  0.7441
113  trn_acc: 0.9926  val_acc: 0.7618  tst_acc: 0.7706
1.0000  0.9985
0.7706  0.6412
0.8029  0.7294
114  trn_acc: 1.0000  val_acc: 0.7706  tst_acc: 0.8029
0.9721  0.9956
0.7265  0.6294
0.7706  0.6971
115  trn_acc: 0.9721  val_acc: 0.7265  tst_acc: 0.7706
0.9912  0.9926
0.7088  0.6088
0.7529  0.6971
116  trn_acc: 0.9912  val_acc: 0.7088  tst_acc: 0.7529
1.0000  0.9956
0.7647  0.6294
0.8059  0.7294
117  trn_acc: 1.0000  val_acc: 0.7647  tst_acc: 0.8059
1.0000  1.0000
0.7765  0.6588
0.7971  0.7235
118  trn_acc: 1.0000  val_acc: 0.7765  tst_acc: 0.7971
1.0000  0.9985
0.7588  0.6441
0.7941  0.7176
119  trn_acc: 1.0000  val_acc: 0.7588  tst_acc: 0.7941
0.9985  1.0000
0.7647  0.6618
0.7912  0.7235
120  trn_acc: 0.9985  val_acc: 0.7647  tst_acc: 0.7912
0.9941  1.0000
0.7618  0.6588
0.7912  0.7235
121  trn_acc: 0.9941  val_acc: 0.7618  tst_acc: 0.7912
0.9882  0.9853
0.7206  0.6353
0.7824  0.7059
122  trn_acc: 0.9882  val_acc: 0.7206  tst_acc: 0.7824
1.0000  0.9985
0.7765  0.6647
0.7971  0.7618
123  trn_acc: 1.0000  val_acc: 0.7765  tst_acc: 0.7971
1.0000  1.0000
0.7794  0.6471
0.7912  0.7412
124  trn_acc: 1.0000  val_acc: 0.7794  tst_acc: 0.7912
0.9971  0.9956
0.7382  0.6500
0.7794  0.7324
125  trn_acc: 0.9971  val_acc: 0.7382  tst_acc: 0.7794
1.0000  1.0000
0.7412  0.6353
0.8000  0.7353
126  trn_acc: 1.0000  val_acc: 0.7412  tst_acc: 0.8000
0.9941  1.0000
0.7235  0.6559
0.7706  0.7588
127  trn_acc: 0.9941  val_acc: 0.7235  tst_acc: 0.7706
0.9956  0.9985
0.7559  0.6500
0.8000  0.7206
128  trn_acc: 0.9956  val_acc: 0.7559  tst_acc: 0.8000
0.9853  0.9956
0.7382  0.6588
0.7853  0.7118
129  trn_acc: 0.9853  val_acc: 0.7382  tst_acc: 0.7853
0.9971  1.0000
0.7324  0.6471
0.8088  0.6882
130  trn_acc: 0.9971  val_acc: 0.7324  tst_acc: 0.8088
1.0000  0.9985
0.7588  0.6676
0.7971  0.7235
131  trn_acc: 1.0000  val_acc: 0.7588  tst_acc: 0.7971
0.9971  1.0000
0.7618  0.6588
0.7853  0.6971
132  trn_acc: 0.9971  val_acc: 0.7618  tst_acc: 0.7853
1.0000  0.9985
0.7706  0.6235
0.8059  0.7000
133  trn_acc: 1.0000  val_acc: 0.7706  tst_acc: 0.8059
0.9794  0.9956
0.6794  0.6088
0.7529  0.6824
134  trn_acc: 0.9794  val_acc: 0.6794  tst_acc: 0.7529
0.9985  0.9971
0.7706  0.6412
0.8088  0.7265
135  trn_acc: 0.9985  val_acc: 0.7706  tst_acc: 0.8088
1.0000  1.0000
0.7382  0.6676
0.7971  0.7471
136  trn_acc: 1.0000  val_acc: 0.7382  tst_acc: 0.7971
1.0000  1.0000
0.7706  0.6676
0.8265  0.7441
137  trn_acc: 1.0000  val_acc: 0.7706  tst_acc: 0.8265
0.8706  0.9559
0.5912  0.5500
0.6294  0.6324
138  trn_acc: 0.8706  val_acc: 0.5912  tst_acc: 0.6294
0.9897  0.9912
0.7294  0.6176
0.7676  0.6882
139  trn_acc: 0.9897  val_acc: 0.7294  tst_acc: 0.7676
0.9750  0.9971
0.6941  0.6059
0.7735  0.7000
140  trn_acc: 0.9750  val_acc: 0.6941  tst_acc: 0.7735
0.9897  0.9838
0.7471  0.6176
0.7794  0.6765
141  trn_acc: 0.9897  val_acc: 0.7471  tst_acc: 0.7794
1.0000  1.0000
0.7265  0.6294
0.7882  0.7029
142  trn_acc: 1.0000  val_acc: 0.7265  tst_acc: 0.7882
0.9912  0.9809
0.7441  0.6206
0.7912  0.7029
143  trn_acc: 0.9912  val_acc: 0.7441  tst_acc: 0.7912
0.9985  0.9971
0.7529  0.6382
0.7765  0.6971
144  trn_acc: 0.9985  val_acc: 0.7529  tst_acc: 0.7765
0.9985  0.9985
0.7618  0.6382
0.8059  0.7029
145  trn_acc: 0.9985  val_acc: 0.7618  tst_acc: 0.8059
0.9868  0.9985
0.7294  0.6324
0.8000  0.6912
146  trn_acc: 0.9868  val_acc: 0.7294  tst_acc: 0.8000
0.9985  0.9956
0.7529  0.6382
0.7912  0.7294
147  trn_acc: 0.9985  val_acc: 0.7529  tst_acc: 0.7912
1.0000  0.9985
0.7794  0.6206
0.8176  0.7176
148  trn_acc: 1.0000  val_acc: 0.7794  tst_acc: 0.8176
1.0000  1.0000
0.7676  0.6412
0.8265  0.7059
149  trn_acc: 1.0000  val_acc: 0.7676  tst_acc: 0.8265
0.9809  0.9897
0.7235  0.6265
0.7765  0.7206
150  trn_acc: 0.9809  val_acc: 0.7235  tst_acc: 0.7765
0.9941  0.9912
0.7206  0.6559
0.7500  0.7265
151  trn_acc: 0.9941  val_acc: 0.7206  tst_acc: 0.7500
0.9956  0.9956
0.7088  0.6353
0.7794  0.7353
152  trn_acc: 0.9956  val_acc: 0.7088  tst_acc: 0.7794
0.9985  0.9985
0.7853  0.6647
0.8176  0.7500
153  trn_acc: 0.9985  val_acc: 0.7853  tst_acc: 0.8176
0.9985  0.9985
0.7853  0.6471
0.8000  0.7353
154  trn_acc: 0.9985  val_acc: 0.7853  tst_acc: 0.8000
0.9750  0.9794
0.6676  0.5794
0.7176  0.6559
155  trn_acc: 0.9750  val_acc: 0.6676  tst_acc: 0.7176
0.9941  0.9985
0.6912  0.6529
0.7882  0.6912
156  trn_acc: 0.9941  val_acc: 0.6912  tst_acc: 0.7882
0.9956  1.0000
0.7382  0.6559
0.7559  0.7206
157  trn_acc: 0.9956  val_acc: 0.7382  tst_acc: 0.7559
0.9985  0.9956
0.7412  0.6235
0.7971  0.7176
158  trn_acc: 0.9985  val_acc: 0.7412  tst_acc: 0.7971
1.0000  1.0000
0.7618  0.6529
0.8118  0.7000
159  trn_acc: 1.0000  val_acc: 0.7618  tst_acc: 0.8118
1.0000  0.9985
0.7618  0.6441
0.8088  0.7118
160  trn_acc: 1.0000  val_acc: 0.7618  tst_acc: 0.8088
0.9941  0.9971
0.7676  0.6647
0.7735  0.7294
161  trn_acc: 0.9941  val_acc: 0.7676  tst_acc: 0.7735
0.9926  1.0000
0.7147  0.6235
0.7765  0.7206
162  trn_acc: 0.9926  val_acc: 0.7147  tst_acc: 0.7765
1.0000  1.0000
0.7618  0.6618
0.8000  0.7412
163  trn_acc: 1.0000  val_acc: 0.7618  tst_acc: 0.8000
0.9926  0.9882
0.7294  0.6265
0.7500  0.6853
164  trn_acc: 0.9926  val_acc: 0.7294  tst_acc: 0.7500
1.0000  0.9985
0.7412  0.6324
0.7941  0.7029
165  trn_acc: 1.0000  val_acc: 0.7412  tst_acc: 0.7941
0.9912  0.9985
0.6941  0.6324
0.7676  0.7147
166  trn_acc: 0.9912  val_acc: 0.6941  tst_acc: 0.7676
0.9956  0.9926
0.7176  0.6265
0.7853  0.7147
167  trn_acc: 0.9956  val_acc: 0.7176  tst_acc: 0.7853
0.9956  0.9971
0.7529  0.6324
0.8029  0.7029
168  trn_acc: 0.9956  val_acc: 0.7529  tst_acc: 0.8029
0.9971  0.9956
0.7265  0.6235
0.7853  0.7382
169  trn_acc: 0.9971  val_acc: 0.7265  tst_acc: 0.7853
0.9926  1.0000
0.7382  0.6353
0.7529  0.7206
170  trn_acc: 0.9926  val_acc: 0.7382  tst_acc: 0.7529
0.9985  1.0000
0.7294  0.6441
0.7912  0.7059
171  trn_acc: 0.9985  val_acc: 0.7294  tst_acc: 0.7912
0.9985  1.0000
0.7265  0.6500
0.7588  0.7088
172  trn_acc: 0.9985  val_acc: 0.7265  tst_acc: 0.7588
1.0000  1.0000
0.7559  0.6588
0.8029  0.7471
173  trn_acc: 1.0000  val_acc: 0.7559  tst_acc: 0.8029
1.0000  0.9985
0.7412  0.6735
0.8029  0.7412
174  trn_acc: 1.0000  val_acc: 0.7412  tst_acc: 0.8029
1.0000  1.0000
0.7647  0.6588
0.7941  0.7529
175  trn_acc: 1.0000  val_acc: 0.7647  tst_acc: 0.7941
0.9985  1.0000
0.7147  0.6382
0.7353  0.7176
176  trn_acc: 0.9985  val_acc: 0.7147  tst_acc: 0.7353
1.0000  0.9971
0.7294  0.6500
0.8294  0.7265
177  trn_acc: 1.0000  val_acc: 0.7294  tst_acc: 0.8294
0.9985  1.0000
0.7559  0.6735
0.7853  0.7324
178  trn_acc: 0.9985  val_acc: 0.7559  tst_acc: 0.7853
0.9221  0.9412
0.6647  0.6265
0.7147  0.6735
179  trn_acc: 0.9221  val_acc: 0.6647  tst_acc: 0.7147
0.9794  1.0000
0.7206  0.6529
0.7559  0.7176
180  trn_acc: 0.9794  val_acc: 0.7206  tst_acc: 0.7559
0.9985  0.9897
0.7588  0.6500
0.7941  0.7088
181  trn_acc: 0.9985  val_acc: 0.7588  tst_acc: 0.7941
1.0000  1.0000
0.7559  0.6559
0.7971  0.7265
182  trn_acc: 1.0000  val_acc: 0.7559  tst_acc: 0.7971
0.9941  1.0000
0.7118  0.6294
0.7676  0.7088
183  trn_acc: 0.9941  val_acc: 0.7118  tst_acc: 0.7676
1.0000  1.0000
0.7500  0.6588
0.8029  0.7618
184  trn_acc: 1.0000  val_acc: 0.7500  tst_acc: 0.8029
1.0000  0.9956
0.7353  0.6500
0.7794  0.7118
185  trn_acc: 1.0000  val_acc: 0.7353  tst_acc: 0.7794
0.9985  1.0000
0.7559  0.6647
0.8000  0.7500
186  trn_acc: 0.9985  val_acc: 0.7559  tst_acc: 0.8000
1.0000  0.9985
0.7353  0.6647
0.7618  0.7382
187  trn_acc: 1.0000  val_acc: 0.7353  tst_acc: 0.7618
1.0000  0.9971
0.7294  0.6441
0.7735  0.7353
188  trn_acc: 1.0000  val_acc: 0.7294  tst_acc: 0.7735
0.9912  1.0000
0.6882  0.6206
0.7735  0.7059
189  trn_acc: 0.9912  val_acc: 0.6882  tst_acc: 0.7735
1.0000  1.0000
0.7353  0.6441
0.7941  0.7294
190  trn_acc: 1.0000  val_acc: 0.7353  tst_acc: 0.7941
0.9824  0.9794
0.7059  0.6176
0.7441  0.6735
191  trn_acc: 0.9824  val_acc: 0.7059  tst_acc: 0.7441
0.9971  0.9985
0.7412  0.6176
0.7882  0.6735
192  trn_acc: 0.9971  val_acc: 0.7412  tst_acc: 0.7882
1.0000  1.0000
0.7676  0.6559
0.8176  0.7235
193  trn_acc: 1.0000  val_acc: 0.7676  tst_acc: 0.8176
0.9956  0.9985
0.7706  0.6471
0.8029  0.7235
194  trn_acc: 0.9956  val_acc: 0.7706  tst_acc: 0.8029
1.0000  1.0000
0.7618  0.6500
0.8029  0.7265
195  trn_acc: 1.0000  val_acc: 0.7618  tst_acc: 0.8029
1.0000  1.0000
0.7735  0.6471
0.7912  0.7147
196  trn_acc: 1.0000  val_acc: 0.7735  tst_acc: 0.7912
1.0000  1.0000
0.7794  0.6412
0.8088  0.7353
197  trn_acc: 1.0000  val_acc: 0.7794  tst_acc: 0.8088
1.0000  1.0000
0.7676  0.6471
0.8118  0.7118
198  trn_acc: 1.0000  val_acc: 0.7676  tst_acc: 0.8118
1.0000  1.0000
0.7735  0.6588
0.8088  0.7353
199  trn_acc: 1.0000  val_acc: 0.7735  tst_acc: 0.8088
1.0000  1.0000
0.8176  0.6412
0.8147  0.7412
200  trn_acc: 1.0000  val_acc: 0.8176  tst_acc: 0.8147
1.0000  1.0000
0.8000  0.6500
0.8147  0.7382
201  trn_acc: 1.0000  val_acc: 0.8000  tst_acc: 0.8147
1.0000  0.9985
0.7294  0.6294
0.7794  0.7000
202  trn_acc: 1.0000  val_acc: 0.7294  tst_acc: 0.7794
0.9956  1.0000
0.7853  0.6941
0.8029  0.7206
203  trn_acc: 0.9956  val_acc: 0.7853  tst_acc: 0.8029
1.0000  0.9971
0.7647  0.6559
0.7882  0.7294
204  trn_acc: 1.0000  val_acc: 0.7647  tst_acc: 0.7882
1.0000  0.9985
0.7618  0.6471
0.8206  0.7235
205  trn_acc: 1.0000  val_acc: 0.7618  tst_acc: 0.8206
0.9985  0.9838
0.7676  0.6118
0.7853  0.7029
206  trn_acc: 0.9985  val_acc: 0.7676  tst_acc: 0.7853
1.0000  0.9956
0.7559  0.6353
0.8206  0.7265
207  trn_acc: 1.0000  val_acc: 0.7559  tst_acc: 0.8206
1.0000  1.0000
0.7794  0.6412
0.8353  0.7441
208  trn_acc: 1.0000  val_acc: 0.7794  tst_acc: 0.8353
0.9971  1.0000
0.7353  0.6529
0.7618  0.7324
209  trn_acc: 0.9971  val_acc: 0.7353  tst_acc: 0.7618
0.9912  0.9985
0.7265  0.6529
0.7559  0.7235
210  trn_acc: 0.9912  val_acc: 0.7265  tst_acc: 0.7559
1.0000  1.0000
0.7618  0.6588
0.7794  0.7088
211  trn_acc: 1.0000  val_acc: 0.7618  tst_acc: 0.7794
1.0000  0.9985
0.7765  0.6441
0.7912  0.7265
212  trn_acc: 1.0000  val_acc: 0.7765  tst_acc: 0.7912
1.0000  1.0000
0.7912  0.6588
0.8235  0.7441
213  trn_acc: 1.0000  val_acc: 0.7912  tst_acc: 0.8235
1.0000  1.0000
0.8029  0.6618
0.8412  0.7441
214  trn_acc: 1.0000  val_acc: 0.8029  tst_acc: 0.8412
1.0000  1.0000
0.8000  0.6647
0.8265  0.7441
215  trn_acc: 1.0000  val_acc: 0.8000  tst_acc: 0.8265
1.0000  0.9985
0.7559  0.6676
0.7912  0.7353
216  trn_acc: 1.0000  val_acc: 0.7559  tst_acc: 0.7912
1.0000  1.0000
0.7676  0.6588
0.8059  0.7529
217  trn_acc: 1.0000  val_acc: 0.7676  tst_acc: 0.8059
1.0000  1.0000
0.7412  0.6588
0.8029  0.7529
218  trn_acc: 1.0000  val_acc: 0.7412  tst_acc: 0.8029
0.9971  0.9971
0.7647  0.6588
0.7676  0.7353
219  trn_acc: 0.9971  val_acc: 0.7647  tst_acc: 0.7676
1.0000  0.9956
0.7853  0.6559
0.8088  0.7559
220  trn_acc: 1.0000  val_acc: 0.7853  tst_acc: 0.8088
0.9926  0.9971
0.7500  0.6735
0.7765  0.7265
221  trn_acc: 0.9926  val_acc: 0.7500  tst_acc: 0.7765
0.9985  1.0000
0.7618  0.6706
0.8029  0.7353
222  trn_acc: 0.9985  val_acc: 0.7618  tst_acc: 0.8029
1.0000  1.0000
0.7559  0.6647
0.8000  0.7265
223  trn_acc: 1.0000  val_acc: 0.7559  tst_acc: 0.8000
0.9985  0.9926
0.7324  0.6176
0.7824  0.6971
224  trn_acc: 0.9985  val_acc: 0.7324  tst_acc: 0.7824
0.9985  0.9971
0.7765  0.6324
0.8265  0.7059
225  trn_acc: 0.9985  val_acc: 0.7765  tst_acc: 0.8265
1.0000  1.0000
0.7794  0.6706
0.8118  0.7588
226  trn_acc: 1.0000  val_acc: 0.7794  tst_acc: 0.8118
1.0000  0.9985
0.7500  0.6647
0.7824  0.7147
227  trn_acc: 1.0000  val_acc: 0.7500  tst_acc: 0.7824
1.0000  1.0000
0.7824  0.6588
0.7912  0.7118
228  trn_acc: 1.0000  val_acc: 0.7824  tst_acc: 0.7912
1.0000  1.0000
0.7912  0.6676
0.8088  0.7235
229  trn_acc: 1.0000  val_acc: 0.7912  tst_acc: 0.8088
1.0000  1.0000
0.7912  0.6853
0.8412  0.7500
230  trn_acc: 1.0000  val_acc: 0.7912  tst_acc: 0.8412
1.0000  1.0000
0.7676  0.6647
0.7912  0.7412
231  trn_acc: 1.0000  val_acc: 0.7676  tst_acc: 0.7912
1.0000  1.0000
0.7647  0.6353
0.7853  0.7294
232  trn_acc: 1.0000  val_acc: 0.7647  tst_acc: 0.7853
1.0000  1.0000
0.7412  0.6647
0.7618  0.7294
233  trn_acc: 1.0000  val_acc: 0.7412  tst_acc: 0.7618
1.0000  1.0000
0.7794  0.6647
0.8118  0.7412
234  trn_acc: 1.0000  val_acc: 0.7794  tst_acc: 0.8118
0.9971  1.0000
0.7206  0.6441
0.7824  0.7029
235  trn_acc: 0.9971  val_acc: 0.7206  tst_acc: 0.7824
0.9956  0.9926
0.7176  0.6324
0.7882  0.7324
236  trn_acc: 0.9956  val_acc: 0.7176  tst_acc: 0.7882
0.9926  0.9985
0.7441  0.6853
0.7647  0.7265
237  trn_acc: 0.9926  val_acc: 0.7441  tst_acc: 0.7647
0.9985  0.9985
0.7735  0.6559
0.8088  0.7088
238  trn_acc: 0.9985  val_acc: 0.7735  tst_acc: 0.8088
1.0000  1.0000
0.7794  0.6706
0.8147  0.7265
239  trn_acc: 1.0000  val_acc: 0.7794  tst_acc: 0.8147
1.0000  1.0000
0.7735  0.6882
0.8088  0.7441
240  trn_acc: 1.0000  val_acc: 0.7735  tst_acc: 0.8088
200 0.8147 0.8176 1.0000 1.0000

Doing: 2
(?, 147, 147, 64)
(?, 73, 73, 64)
(?, 71, 71, 192)
(?, 35, 35, 192)
(?, 35, 35, 256)
(?, 35, 35, 288)
(?, 17, 17, 768)
(?, 17, 17, 768)
(?, 17, 17, 768)
(?, 17, 17, 768)
(?, 17)
(?, 8, 8, 1280)
(?, 8, 8, 2048)
(?, 1, 1, 2048)
(?, 17)
0.0588  0.0574
0.0588  0.0559
0.0588  0.0618
1  trn_acc: 0.0588  val_acc: 0.0588  tst_acc: 0.0588
0.0588  0.1074
0.0588  0.1059
0.0588  0.1000
2  trn_acc: 0.0588  val_acc: 0.0588  tst_acc: 0.0588
0.2647  0.4250
0.2588  0.3147
0.2235  0.3235
3  trn_acc: 0.2647  val_acc: 0.2588  tst_acc: 0.2235
0.1794  0.3853
0.1588  0.2971
0.1765  0.3029
4  trn_acc: 0.1794  val_acc: 0.1588  tst_acc: 0.1765
0.5059  0.6441
0.4235  0.5029
0.4088  0.4324
5  trn_acc: 0.5059  val_acc: 0.4235  tst_acc: 0.4088
0.4956  0.5956
0.4529  0.4618
0.4471  0.4618
6  trn_acc: 0.4956  val_acc: 0.4529  tst_acc: 0.4471
0.5618  0.6147
0.4824  0.4765
0.4824  0.4588
7  trn_acc: 0.5618  val_acc: 0.4824  tst_acc: 0.4824
0.6618  0.7632
0.4912  0.5441
0.4941  0.5147
8  trn_acc: 0.6618  val_acc: 0.4912  tst_acc: 0.4941
0.7074  0.8706
0.6118  0.6588
0.5941  0.5882
9  trn_acc: 0.7074  val_acc: 0.6118  tst_acc: 0.5941
0.7294  0.8735
0.6000  0.6059
0.5618  0.5382
10  trn_acc: 0.7294  val_acc: 0.6000  tst_acc: 0.5618
0.7721  0.8794
0.6147  0.6324
0.6029  0.6147
11  trn_acc: 0.7721  val_acc: 0.6147  tst_acc: 0.6029
0.5088  0.7412
0.4235  0.5412
0.4118  0.4971
12  trn_acc: 0.5088  val_acc: 0.4235  tst_acc: 0.4118
0.7618  0.8824
0.5971  0.5882
0.5794  0.5235
13  trn_acc: 0.7618  val_acc: 0.5971  tst_acc: 0.5794
0.6912  0.8647
0.5118  0.6029
0.5235  0.5588
14  trn_acc: 0.6912  val_acc: 0.5118  tst_acc: 0.5235
0.8485  0.9265
0.6529  0.6588
0.6971  0.6235
15  trn_acc: 0.8485  val_acc: 0.6529  tst_acc: 0.6971
0.8029  0.9294
0.6206  0.5882
0.6176  0.5853
16  trn_acc: 0.8029  val_acc: 0.6206  tst_acc: 0.6176
0.7735  0.8779
0.5882  0.5588
0.5941  0.5471
17  trn_acc: 0.7735  val_acc: 0.5882  tst_acc: 0.5941
0.8588  0.9485
0.6324  0.5853
0.6059  0.5500
18  trn_acc: 0.8588  val_acc: 0.6324  tst_acc: 0.6059
0.8279  0.9456
0.6000  0.6294
0.6382  0.5941
19  trn_acc: 0.8279  val_acc: 0.6000  tst_acc: 0.6382
0.7015  0.7912
0.5118  0.5265
0.5324  0.5029
20  trn_acc: 0.7015  val_acc: 0.5118  tst_acc: 0.5324
0.9544  0.9853
0.6882  0.6441
0.7206  0.6559
21  trn_acc: 0.9544  val_acc: 0.6882  tst_acc: 0.7206
0.9265  0.9691
0.6412  0.6176
0.6765  0.6294
22  trn_acc: 0.9265  val_acc: 0.6412  tst_acc: 0.6765
0.9221  0.9588
0.6735  0.6324
0.6765  0.6000
23  trn_acc: 0.9221  val_acc: 0.6735  tst_acc: 0.6765
0.9176  0.9721
0.6853  0.6235
0.6971  0.6176
24  trn_acc: 0.9176  val_acc: 0.6853  tst_acc: 0.6971
0.9353  0.9868
0.6559  0.6588
0.6912  0.6265
25  trn_acc: 0.9353  val_acc: 0.6559  tst_acc: 0.6912
0.7985  0.8721
0.5529  0.5559
0.5529  0.5206
26  trn_acc: 0.7985  val_acc: 0.5529  tst_acc: 0.5529
0.9500  0.9765
0.7088  0.6147
0.7088  0.6265
27  trn_acc: 0.9500  val_acc: 0.7088  tst_acc: 0.7088
0.9368  0.9794
0.6706  0.6294
0.6824  0.6088
28  trn_acc: 0.9368  val_acc: 0.6706  tst_acc: 0.6824
0.9838  0.9971
0.7235  0.6794
0.7324  0.6676
29  trn_acc: 0.9838  val_acc: 0.7235  tst_acc: 0.7324
0.9941  0.9985
0.7353  0.6529
0.7529  0.6529
30  trn_acc: 0.9941  val_acc: 0.7353  tst_acc: 0.7529
0.9706  0.9912
0.6853  0.6441
0.7000  0.6206
31  trn_acc: 0.9706  val_acc: 0.6853  tst_acc: 0.7000
0.9132  0.9412
0.6265  0.6382
0.6735  0.5971
32  trn_acc: 0.9132  val_acc: 0.6265  tst_acc: 0.6735
0.9853  0.9926
0.7118  0.6676
0.7176  0.6441
33  trn_acc: 0.9853  val_acc: 0.7118  tst_acc: 0.7176
0.9676  0.9971
0.7059  0.6500
0.7118  0.6353
34  trn_acc: 0.9676  val_acc: 0.7059  tst_acc: 0.7118
0.9632  0.9735
0.6912  0.6118
0.6794  0.6059
35  trn_acc: 0.9632  val_acc: 0.6912  tst_acc: 0.6794
0.8500  0.9632
0.5529  0.6059
0.6235  0.6118
36  trn_acc: 0.8500  val_acc: 0.5529  tst_acc: 0.6235
0.9647  0.9632
0.6971  0.5912
0.6765  0.6000
37  trn_acc: 0.9647  val_acc: 0.6971  tst_acc: 0.6765
0.9897  1.0000
0.7059  0.7059
0.7265  0.6706
38  trn_acc: 0.9897  val_acc: 0.7059  tst_acc: 0.7265
0.9353  0.9809
0.6765  0.6029
0.6500  0.6059
39  trn_acc: 0.9353  val_acc: 0.6765  tst_acc: 0.6500
0.9206  0.9691
0.6618  0.6176
0.6353  0.5912
40  trn_acc: 0.9206  val_acc: 0.6618  tst_acc: 0.6353
0.9794  0.9956
0.6912  0.6412
0.6588  0.6118
41  trn_acc: 0.9794  val_acc: 0.6912  tst_acc: 0.6588
0.9838  0.9985
0.6941  0.6206
0.7471  0.6647
42  trn_acc: 0.9838  val_acc: 0.6941  tst_acc: 0.7471
0.9765  0.9926
0.7088  0.6353
0.7088  0.6235
43  trn_acc: 0.9765  val_acc: 0.7088  tst_acc: 0.7088
0.9941  1.0000
0.7382  0.6824
0.7265  0.6235
44  trn_acc: 0.9941  val_acc: 0.7382  tst_acc: 0.7265
0.8294  0.9309
0.5971  0.5824
0.5735  0.5765
45  trn_acc: 0.8294  val_acc: 0.5971  tst_acc: 0.5735
0.9971  0.9971
0.7500  0.6765
0.7618  0.6588
46  trn_acc: 0.9971  val_acc: 0.7500  tst_acc: 0.7618
0.8956  0.9603
0.6294  0.6206
0.6176  0.6088
47  trn_acc: 0.8956  val_acc: 0.6294  tst_acc: 0.6176
0.9853  1.0000
0.7265  0.6853
0.7559  0.6441
48  trn_acc: 0.9853  val_acc: 0.7265  tst_acc: 0.7559
0.9647  0.9853
0.7206  0.6471
0.7000  0.6235
49  trn_acc: 0.9647  val_acc: 0.7206  tst_acc: 0.7000
1.0000  0.9985
0.7647  0.6765
0.7765  0.6765
50  trn_acc: 1.0000  val_acc: 0.7647  tst_acc: 0.7765
0.9338  0.9441
0.6294  0.6294
0.6588  0.5882
51  trn_acc: 0.9338  val_acc: 0.6294  tst_acc: 0.6588
0.9544  0.9706
0.6500  0.6029
0.6588  0.5882
52  trn_acc: 0.9544  val_acc: 0.6500  tst_acc: 0.6588
0.9647  0.9912
0.6676  0.6471
0.6971  0.6265
53  trn_acc: 0.9647  val_acc: 0.6676  tst_acc: 0.6971
0.9912  0.9897
0.6853  0.6382
0.7029  0.5853
54  trn_acc: 0.9912  val_acc: 0.6853  tst_acc: 0.7029
0.9956  0.9985
0.7265  0.7000
0.7559  0.6618
55  trn_acc: 0.9956  val_acc: 0.7265  tst_acc: 0.7559
0.9588  0.9824
0.6559  0.6176
0.6441  0.5824
56  trn_acc: 0.9588  val_acc: 0.6559  tst_acc: 0.6441
1.0000  1.0000
0.7471  0.6529
0.7735  0.6647
57  trn_acc: 1.0000  val_acc: 0.7471  tst_acc: 0.7735
0.8971  0.9250
0.6441  0.5794
0.6441  0.5882
58  trn_acc: 0.8971  val_acc: 0.6441  tst_acc: 0.6441
0.9985  1.0000
0.7706  0.6912
0.7412  0.6676
59  trn_acc: 0.9985  val_acc: 0.7706  tst_acc: 0.7412
0.9985  0.9971
0.7382  0.7000
0.7735  0.6529
60  trn_acc: 0.9985  val_acc: 0.7382  tst_acc: 0.7735
0.9926  0.9985
0.6941  0.6235
0.7412  0.6559
61  trn_acc: 0.9926  val_acc: 0.6941  tst_acc: 0.7412
0.9985  1.0000
0.7588  0.6529
0.7500  0.6529
62  trn_acc: 0.9985  val_acc: 0.7588  tst_acc: 0.7500
0.9912  0.9941
0.7059  0.6412
0.7412  0.6500
63  trn_acc: 0.9912  val_acc: 0.7059  tst_acc: 0.7412
0.9912  1.0000
0.7000  0.6735
0.7176  0.6500
64  trn_acc: 0.9912  val_acc: 0.7000  tst_acc: 0.7176
0.9985  0.9985
0.7647  0.6706
0.7676  0.6765
65  trn_acc: 0.9985  val_acc: 0.7647  tst_acc: 0.7676
0.9971  0.9985
0.7294  0.6588
0.7471  0.6412
66  trn_acc: 0.9971  val_acc: 0.7294  tst_acc: 0.7471
0.9588  0.9809
0.6853  0.6206
0.6971  0.6206
67  trn_acc: 0.9588  val_acc: 0.6853  tst_acc: 0.6971
0.9735  0.9985
0.7265  0.6441
0.7206  0.6529
68  trn_acc: 0.9735  val_acc: 0.7265  tst_acc: 0.7206
0.9956  1.0000
0.6794  0.6735
0.7235  0.6735
69  trn_acc: 0.9956  val_acc: 0.6794  tst_acc: 0.7235
0.9956  1.0000
0.7029  0.6618
0.7353  0.6559
70  trn_acc: 0.9956  val_acc: 0.7029  tst_acc: 0.7353
0.9485  0.9868
0.6853  0.6412
0.6735  0.6353
71  trn_acc: 0.9485  val_acc: 0.6853  tst_acc: 0.6735
0.9956  0.9971
0.7412  0.7000
0.7412  0.6676
72  trn_acc: 0.9956  val_acc: 0.7412  tst_acc: 0.7412
0.9868  0.9956
0.7206  0.6500
0.7029  0.6294
73  trn_acc: 0.9868  val_acc: 0.7206  tst_acc: 0.7029
0.9897  0.9971
0.6794  0.6765
0.7176  0.6824
74  trn_acc: 0.9897  val_acc: 0.6794  tst_acc: 0.7176
0.8750  0.9118
0.6206  0.5412
0.6353  0.5118
75  trn_acc: 0.8750  val_acc: 0.6206  tst_acc: 0.6353
0.9941  0.9882
0.6912  0.6147
0.7206  0.6176
76  trn_acc: 0.9941  val_acc: 0.6912  tst_acc: 0.7206
0.9971  0.9971
0.7206  0.6706
0.7676  0.6559
77  trn_acc: 0.9971  val_acc: 0.7206  tst_acc: 0.7676
0.9912  0.9985
0.7265  0.6765
0.7647  0.6588
78  trn_acc: 0.9912  val_acc: 0.7265  tst_acc: 0.7647
0.9868  0.9912
0.6912  0.6824
0.7353  0.6059
79  trn_acc: 0.9868  val_acc: 0.6912  tst_acc: 0.7353
0.9632  0.9971
0.6647  0.6353
0.7206  0.6618
80  trn_acc: 0.9632  val_acc: 0.6647  tst_acc: 0.7206
0.9926  0.9985
0.6971  0.6735
0.7588  0.6824
81  trn_acc: 0.9926  val_acc: 0.6971  tst_acc: 0.7588
0.9956  1.0000
0.7235  0.6824
0.7147  0.6559
82  trn_acc: 0.9956  val_acc: 0.7235  tst_acc: 0.7147
0.9426  0.9662
0.6529  0.6353
0.6471  0.6000
83  trn_acc: 0.9426  val_acc: 0.6529  tst_acc: 0.6471
1.0000  0.9971
0.7206  0.7118
0.7324  0.6588
84  trn_acc: 1.0000  val_acc: 0.7206  tst_acc: 0.7324
0.9985  1.0000
0.7088  0.7059
0.7412  0.6647
85  trn_acc: 0.9985  val_acc: 0.7088  tst_acc: 0.7412
0.9588  0.9765
0.7294  0.6412
0.6853  0.6176
86  trn_acc: 0.9588  val_acc: 0.7294  tst_acc: 0.6853
0.9956  1.0000
0.7500  0.6706
0.7382  0.6529
87  trn_acc: 0.9956  val_acc: 0.7500  tst_acc: 0.7382
1.0000  0.9971
0.7588  0.6706
0.7588  0.6500
88  trn_acc: 1.0000  val_acc: 0.7588  tst_acc: 0.7588
0.9941  0.9912
0.7000  0.6412
0.7471  0.5941
89  trn_acc: 0.9941  val_acc: 0.7000  tst_acc: 0.7471
0.9985  0.9971
0.7441  0.6706
0.7824  0.6618
90  trn_acc: 0.9985  val_acc: 0.7441  tst_acc: 0.7824
0.9956  0.9985
0.7265  0.6588
0.7029  0.6559
91  trn_acc: 0.9956  val_acc: 0.7265  tst_acc: 0.7029
0.9515  0.8897
0.6529  0.5765
0.6353  0.5471
92  trn_acc: 0.9515  val_acc: 0.6529  tst_acc: 0.6353
0.9676  0.9897
0.6882  0.6706
0.6882  0.6500
93  trn_acc: 0.9676  val_acc: 0.6882  tst_acc: 0.6882
0.9941  1.0000
0.7353  0.7118
0.7235  0.6647
94  trn_acc: 0.9941  val_acc: 0.7353  tst_acc: 0.7235
0.9971  1.0000
0.7265  0.6735
0.7559  0.6735
95  trn_acc: 0.9971  val_acc: 0.7265  tst_acc: 0.7559
0.9941  0.9985
0.6912  0.6647
0.7441  0.6765
96  trn_acc: 0.9941  val_acc: 0.6912  tst_acc: 0.7441
0.9706  0.9971
0.6794  0.6588
0.6794  0.6441
97  trn_acc: 0.9706  val_acc: 0.6794  tst_acc: 0.6794
0.9941  1.0000
0.7412  0.6235
0.7382  0.6500
98  trn_acc: 0.9941  val_acc: 0.7412  tst_acc: 0.7382
0.9735  0.9941
0.6647  0.6382
0.7118  0.6559
99  trn_acc: 0.9735  val_acc: 0.6647  tst_acc: 0.7118
0.9985  0.9971
0.6882  0.6500
0.7794  0.6706
100  trn_acc: 0.9985  val_acc: 0.6882  tst_acc: 0.7794
0.9809  0.9912
0.6794  0.6500
0.6912  0.6294
101  trn_acc: 0.9809  val_acc: 0.6794  tst_acc: 0.6912
0.9985  1.0000
0.7676  0.6676
0.7559  0.6794
102  trn_acc: 0.9985  val_acc: 0.7676  tst_acc: 0.7559
0.9676  0.9971
0.7029  0.6353
0.6471  0.6441
103  trn_acc: 0.9676  val_acc: 0.7029  tst_acc: 0.6471
1.0000  0.9985
0.7618  0.6559
0.7529  0.6206
104  trn_acc: 1.0000  val_acc: 0.7618  tst_acc: 0.7529
0.9956  0.9985
0.7324  0.6706
0.7382  0.6500
105  trn_acc: 0.9956  val_acc: 0.7324  tst_acc: 0.7382
1.0000  1.0000
0.7618  0.6853
0.7382  0.6618
106  trn_acc: 1.0000  val_acc: 0.7618  tst_acc: 0.7382
0.9971  1.0000
0.7059  0.6471
0.7500  0.6588
107  trn_acc: 0.9971  val_acc: 0.7059  tst_acc: 0.7500
0.9868  0.9956
0.6941  0.6559
0.6971  0.6618
108  trn_acc: 0.9868  val_acc: 0.6941  tst_acc: 0.6971
1.0000  1.0000
0.7294  0.6618
0.7618  0.6794
109  trn_acc: 1.0000  val_acc: 0.7294  tst_acc: 0.7618
0.9985  1.0000
0.7235  0.6676
0.7588  0.6735
110  trn_acc: 0.9985  val_acc: 0.7235  tst_acc: 0.7588
0.9926  1.0000
0.7029  0.6588
0.7147  0.6324
111  trn_acc: 0.9926  val_acc: 0.7029  tst_acc: 0.7147
0.9750  0.9926
0.6529  0.6324
0.7059  0.6265
112  trn_acc: 0.9750  val_acc: 0.6529  tst_acc: 0.7059
1.0000  0.9985
0.7118  0.6618
0.7294  0.6706
113  trn_acc: 1.0000  val_acc: 0.7118  tst_acc: 0.7294
0.9985  0.9926
0.6941  0.6735
0.7529  0.6471
114  trn_acc: 0.9985  val_acc: 0.6941  tst_acc: 0.7529
0.9971  0.9956
0.7588  0.6735
0.7500  0.6353
115  trn_acc: 0.9971  val_acc: 0.7588  tst_acc: 0.7500
0.9426  0.9941
0.6500  0.6294
0.6441  0.5971
116  trn_acc: 0.9426  val_acc: 0.6500  tst_acc: 0.6441
1.0000  1.0000
0.7294  0.6618
0.7265  0.6500
117  trn_acc: 1.0000  val_acc: 0.7294  tst_acc: 0.7265
0.9618  0.9985
0.6676  0.6206
0.7000  0.5912
118  trn_acc: 0.9618  val_acc: 0.6676  tst_acc: 0.7000
0.9985  0.9985
0.7235  0.6412
0.7412  0.6382
119  trn_acc: 0.9985  val_acc: 0.7235  tst_acc: 0.7412
0.9985  1.0000
0.7088  0.6794
0.7588  0.6324
120  trn_acc: 0.9985  val_acc: 0.7088  tst_acc: 0.7588
0.9971  1.0000
0.6971  0.6912
0.7353  0.6647
121  trn_acc: 0.9971  val_acc: 0.6971  tst_acc: 0.7353
1.0000  1.0000
0.7206  0.6824
0.7500  0.7088
122  trn_acc: 1.0000  val_acc: 0.7206  tst_acc: 0.7500
0.9897  0.9985
0.6706  0.6647
0.7147  0.6441
123  trn_acc: 0.9897  val_acc: 0.6706  tst_acc: 0.7147
1.0000  1.0000
0.7294  0.6765
0.7618  0.6765
124  trn_acc: 1.0000  val_acc: 0.7294  tst_acc: 0.7618
1.0000  1.0000
0.7353  0.6971
0.7441  0.6824
125  trn_acc: 1.0000  val_acc: 0.7353  tst_acc: 0.7441
1.0000  1.0000
0.7265  0.6706
0.7647  0.6559
126  trn_acc: 1.0000  val_acc: 0.7265  tst_acc: 0.7647
0.9956  1.0000
0.7265  0.6529
0.7235  0.6588
127  trn_acc: 0.9956  val_acc: 0.7265  tst_acc: 0.7235
1.0000  1.0000
0.7235  0.6676
0.7647  0.7029
128  trn_acc: 1.0000  val_acc: 0.7235  tst_acc: 0.7647
0.9824  1.0000
0.6882  0.6559
0.7059  0.6500
129  trn_acc: 0.9824  val_acc: 0.6882  tst_acc: 0.7059
0.9985  1.0000
0.7000  0.6647
0.7412  0.6735
130  trn_acc: 0.9985  val_acc: 0.7000  tst_acc: 0.7412
0.9971  1.0000
0.7529  0.6735
0.7706  0.6706
131  trn_acc: 0.9971  val_acc: 0.7529  tst_acc: 0.7706
0.9956  1.0000
0.7265  0.6471
0.7265  0.6471
132  trn_acc: 0.9956  val_acc: 0.7265  tst_acc: 0.7265
0.9971  1.0000
0.7294  0.6882
0.7176  0.6500
133  trn_acc: 0.9971  val_acc: 0.7294  tst_acc: 0.7176
1.0000  1.0000
0.7559  0.6529
0.7676  0.6324
134  trn_acc: 1.0000  val_acc: 0.7559  tst_acc: 0.7676
0.9956  1.0000
0.7265  0.6882
0.7441  0.6559
135  trn_acc: 0.9956  val_acc: 0.7265  tst_acc: 0.7441
0.9956  1.0000
0.7059  0.6529
0.7118  0.6706
136  trn_acc: 0.9956  val_acc: 0.7059  tst_acc: 0.7118
1.0000  1.0000
0.6735  0.6676
0.7294  0.6971
137  trn_acc: 1.0000  val_acc: 0.6735  tst_acc: 0.7294
1.0000  1.0000
0.7324  0.6706
0.7618  0.7059
138  trn_acc: 1.0000  val_acc: 0.7324  tst_acc: 0.7618
1.0000  1.0000
0.7588  0.6941
0.7765  0.6912
139  trn_acc: 1.0000  val_acc: 0.7588  tst_acc: 0.7765
0.9985  0.9985
0.7294  0.6676
0.7647  0.6529
140  trn_acc: 0.9985  val_acc: 0.7294  tst_acc: 0.7647
0.9985  1.0000
0.7353  0.6706
0.7382  0.6441
141  trn_acc: 0.9985  val_acc: 0.7353  tst_acc: 0.7382
0.9985  1.0000
0.7500  0.6618
0.7382  0.6500
142  trn_acc: 0.9985  val_acc: 0.7500  tst_acc: 0.7382
0.9941  0.9985
0.6853  0.6294
0.7118  0.6265
143  trn_acc: 0.9941  val_acc: 0.6853  tst_acc: 0.7118
1.0000  1.0000
0.7559  0.6588
0.7676  0.6588
144  trn_acc: 1.0000  val_acc: 0.7559  tst_acc: 0.7676
0.9868  0.9956
0.7059  0.6176
0.7000  0.6206
145  trn_acc: 0.9868  val_acc: 0.7059  tst_acc: 0.7000
1.0000  1.0000
0.7353  0.6765
0.7618  0.6618
146  trn_acc: 1.0000  val_acc: 0.7353  tst_acc: 0.7618
0.9985  1.0000
0.7088  0.6971
0.7412  0.6882
147  trn_acc: 0.9985  val_acc: 0.7088  tst_acc: 0.7412
0.9941  1.0000
0.7029  0.6500
0.7147  0.6765
148  trn_acc: 0.9941  val_acc: 0.7029  tst_acc: 0.7147
0.9985  1.0000
0.7088  0.6618
0.7412  0.6853
149  trn_acc: 0.9985  val_acc: 0.7088  tst_acc: 0.7412
0.9985  1.0000
0.6971  0.6647
0.7529  0.6676
150  trn_acc: 0.9985  val_acc: 0.6971  tst_acc: 0.7529
1.0000  1.0000
0.7353  0.6588
0.7618  0.6706
151  trn_acc: 1.0000  val_acc: 0.7353  tst_acc: 0.7618
0.9956  0.9706
0.6706  0.6000
0.7118  0.6265
152  trn_acc: 0.9956  val_acc: 0.6706  tst_acc: 0.7118
1.0000  0.9985
0.7324  0.6324
0.7382  0.6294
153  trn_acc: 1.0000  val_acc: 0.7324  tst_acc: 0.7382
0.9985  0.9985
0.7118  0.6441
0.7382  0.6382
154  trn_acc: 0.9985  val_acc: 0.7118  tst_acc: 0.7382
1.0000  1.0000
0.7206  0.6471
0.7353  0.6500
155  trn_acc: 1.0000  val_acc: 0.7206  tst_acc: 0.7353
0.9941  0.9882
0.6765  0.6441
0.7176  0.6294
156  trn_acc: 0.9941  val_acc: 0.6765  tst_acc: 0.7176
0.9912  0.9971
0.7235  0.6088
0.7235  0.6294
157  trn_acc: 0.9912  val_acc: 0.7235  tst_acc: 0.7235
0.9500  0.9956
0.6500  0.6588
0.6765  0.6441
158  trn_acc: 0.9500  val_acc: 0.6500  tst_acc: 0.6765
1.0000  1.0000
0.7618  0.6618
0.7912  0.7000
159  trn_acc: 1.0000  val_acc: 0.7618  tst_acc: 0.7912
1.0000  0.9985
0.7088  0.6118
0.7265  0.6059
160  trn_acc: 1.0000  val_acc: 0.7088  tst_acc: 0.7265
0.9985  0.9985
0.7353  0.6706
0.7441  0.6794
161  trn_acc: 0.9985  val_acc: 0.7353  tst_acc: 0.7441
1.0000  1.0000
0.7559  0.6765
0.7647  0.6618
162  trn_acc: 1.0000  val_acc: 0.7559  tst_acc: 0.7647
0.9882  0.9926
0.7176  0.6147
0.6971  0.6206
163  trn_acc: 0.9882  val_acc: 0.7176  tst_acc: 0.6971
0.9985  1.0000
0.6971  0.6706
0.7500  0.6765
164  trn_acc: 0.9985  val_acc: 0.6971  tst_acc: 0.7500
1.0000  0.9985
0.7206  0.6294
0.7206  0.6588
165  trn_acc: 1.0000  val_acc: 0.7206  tst_acc: 0.7206
1.0000  0.9985
0.7235  0.6059
0.7412  0.6324
166  trn_acc: 1.0000  val_acc: 0.7235  tst_acc: 0.7412
0.9926  0.9985
0.6824  0.6824
0.7324  0.6647
167  trn_acc: 0.9926  val_acc: 0.6824  tst_acc: 0.7324
1.0000  1.0000
0.7088  0.6382
0.7559  0.6735
168  trn_acc: 1.0000  val_acc: 0.7088  tst_acc: 0.7559
0.9985  1.0000
0.7206  0.6382
0.7676  0.6588
169  trn_acc: 0.9985  val_acc: 0.7206  tst_acc: 0.7676
1.0000  1.0000
0.7265  0.6676
0.7706  0.6647
170  trn_acc: 1.0000  val_acc: 0.7265  tst_acc: 0.7706
0.9882  0.9926
0.7353  0.6147
0.7176  0.6353
171  trn_acc: 0.9882  val_acc: 0.7353  tst_acc: 0.7176
0.9985  1.0000
0.7176  0.6529
0.7588  0.6471
172  trn_acc: 0.9985  val_acc: 0.7176  tst_acc: 0.7588
1.0000  0.9985
0.7265  0.6588
0.7706  0.6735
173  trn_acc: 1.0000  val_acc: 0.7265  tst_acc: 0.7706
1.0000  1.0000
0.7441  0.6853
0.7676  0.6853
174  trn_acc: 1.0000  val_acc: 0.7441  tst_acc: 0.7676
1.0000  0.9985
0.7294  0.6853
0.7647  0.6618
175  trn_acc: 1.0000  val_acc: 0.7294  tst_acc: 0.7647
1.0000  1.0000
0.7088  0.6765
0.7206  0.6706
176  trn_acc: 1.0000  val_acc: 0.7088  tst_acc: 0.7206
0.9926  0.9956
0.7088  0.6441
0.7324  0.6618
177  trn_acc: 0.9926  val_acc: 0.7088  tst_acc: 0.7324
1.0000  1.0000
0.7441  0.6559
0.7500  0.6441
178  trn_acc: 1.0000  val_acc: 0.7441  tst_acc: 0.7500
1.0000  1.0000
0.6912  0.6324
0.7294  0.6353
179  trn_acc: 1.0000  val_acc: 0.6912  tst_acc: 0.7294
0.9897  0.9971
0.6676  0.6412
0.6941  0.6118
180  trn_acc: 0.9897  val_acc: 0.6676  tst_acc: 0.6941
0.9603  0.9868
0.6529  0.6353
0.6382  0.6235
181  trn_acc: 0.9603  val_acc: 0.6529  tst_acc: 0.6382
1.0000  0.9985
0.7324  0.6412
0.7529  0.6471
182  trn_acc: 1.0000  val_acc: 0.7324  tst_acc: 0.7529
0.9971  0.9912
0.6971  0.6412
0.7206  0.6059
183  trn_acc: 0.9971  val_acc: 0.6971  tst_acc: 0.7206
0.9985  0.9985
0.7294  0.6471
0.7324  0.6647
184  trn_acc: 0.9985  val_acc: 0.7294  tst_acc: 0.7324
0.9941  0.9985
0.7235  0.6324
0.7147  0.5882
185  trn_acc: 0.9941  val_acc: 0.7235  tst_acc: 0.7147
1.0000  1.0000
0.7500  0.6559
0.7529  0.6294
186  trn_acc: 1.0000  val_acc: 0.7500  tst_acc: 0.7529
1.0000  0.9985
0.7294  0.6206
0.7412  0.6294
187  trn_acc: 1.0000  val_acc: 0.7294  tst_acc: 0.7412
1.0000  0.9985
0.7382  0.6794
0.7441  0.6618
188  trn_acc: 1.0000  val_acc: 0.7382  tst_acc: 0.7441
0.9956  1.0000
0.7324  0.6559
0.7441  0.6618
189  trn_acc: 0.9956  val_acc: 0.7324  tst_acc: 0.7441
1.0000  0.9941
0.7471  0.6382
0.7441  0.6412
190  trn_acc: 1.0000  val_acc: 0.7471  tst_acc: 0.7441
0.9985  1.0000
0.6882  0.6588
0.7529  0.6765
191  trn_acc: 0.9985  val_acc: 0.6882  tst_acc: 0.7529
1.0000  1.0000
0.7118  0.7029
0.7618  0.6824
192  trn_acc: 1.0000  val_acc: 0.7118  tst_acc: 0.7618
0.9971  1.0000
0.7235  0.6971
0.7559  0.6765
193  trn_acc: 0.9971  val_acc: 0.7235  tst_acc: 0.7559
0.9985  1.0000
0.7265  0.6941
0.7382  0.6588
194  trn_acc: 0.9985  val_acc: 0.7265  tst_acc: 0.7382
0.9985  1.0000
0.7000  0.6676
0.7529  0.6706
195  trn_acc: 0.9985  val_acc: 0.7000  tst_acc: 0.7529
0.9985  1.0000
0.7088  0.6735
0.7559  0.6559
196  trn_acc: 0.9985  val_acc: 0.7088  tst_acc: 0.7559
0.9985  1.0000
0.7088  0.6794
0.7294  0.6794
197  trn_acc: 0.9985  val_acc: 0.7088  tst_acc: 0.7294
0.9971  0.9985
0.6912  0.6794
0.7441  0.6618
198  trn_acc: 0.9971  val_acc: 0.6912  tst_acc: 0.7441
0.9985  0.9941
0.7235  0.6559
0.7500  0.6441
199  trn_acc: 0.9985  val_acc: 0.7235  tst_acc: 0.7500
1.0000  0.9985
0.7353  0.6529
0.7471  0.6559
200  trn_acc: 1.0000  val_acc: 0.7353  tst_acc: 0.7471
1.0000  0.9985
0.7176  0.6706
0.7559  0.6412
201  trn_acc: 1.0000  val_acc: 0.7176  tst_acc: 0.7559
0.9985  0.9985
0.7147  0.6382
0.7471  0.6559
202  trn_acc: 0.9985  val_acc: 0.7147  tst_acc: 0.7471
0.9971  1.0000
0.7441  0.6765
0.7559  0.6324
203  trn_acc: 0.9971  val_acc: 0.7441  tst_acc: 0.7559
1.0000  1.0000
0.7324  0.6441
0.7618  0.6176
204  trn_acc: 1.0000  val_acc: 0.7324  tst_acc: 0.7618
0.9985  0.9971
0.7382  0.6706
0.7265  0.6412
205  trn_acc: 0.9985  val_acc: 0.7382  tst_acc: 0.7265
0.9985  0.9985
0.7088  0.6971
0.7559  0.6912
206  trn_acc: 0.9985  val_acc: 0.7088  tst_acc: 0.7559
0.9809  1.0000
0.6676  0.7118
0.6941  0.6882
207  trn_acc: 0.9809  val_acc: 0.6676  tst_acc: 0.6941
1.0000  1.0000
0.7324  0.6735
0.7706  0.6765
208  trn_acc: 1.0000  val_acc: 0.7324  tst_acc: 0.7706
0.9824  0.9971
0.6706  0.6382
0.7118  0.6412
209  trn_acc: 0.9824  val_acc: 0.6706  tst_acc: 0.7118
1.0000  1.0000
0.7118  0.6618
0.7324  0.6765
210  trn_acc: 1.0000  val_acc: 0.7118  tst_acc: 0.7324
0.9956  0.9956
0.6676  0.6294
0.7265  0.6529
211  trn_acc: 0.9956  val_acc: 0.6676  tst_acc: 0.7265
1.0000  1.0000
0.7471  0.6412
0.7382  0.6412
212  trn_acc: 1.0000  val_acc: 0.7471  tst_acc: 0.7382
0.9941  1.0000
0.7265  0.6588
0.7471  0.6735
213  trn_acc: 0.9941  val_acc: 0.7265  tst_acc: 0.7471
0.9956  1.0000
0.7382  0.6618
0.7382  0.6618
214  trn_acc: 0.9956  val_acc: 0.7382  tst_acc: 0.7382
0.9926  0.9971
0.7147  0.6441
0.7147  0.6500
215  trn_acc: 0.9926  val_acc: 0.7147  tst_acc: 0.7147
0.9956  1.0000
0.7353  0.6471
0.7265  0.6559
216  trn_acc: 0.9956  val_acc: 0.7353  tst_acc: 0.7265
0.9853  0.9985
0.7059  0.6324
0.7147  0.6588
217  trn_acc: 0.9853  val_acc: 0.7059  tst_acc: 0.7147
0.9971  0.9912
0.7235  0.6441
0.7235  0.6441
218  trn_acc: 0.9971  val_acc: 0.7235  tst_acc: 0.7235
0.9985  0.9985
0.7118  0.6324
0.7265  0.6353
219  trn_acc: 0.9985  val_acc: 0.7118  tst_acc: 0.7265
0.9985  1.0000
0.7412  0.6735
0.7294  0.6471
220  trn_acc: 0.9985  val_acc: 0.7412  tst_acc: 0.7294
0.9956  0.9985
0.7088  0.6794
0.7324  0.6471
221  trn_acc: 0.9956  val_acc: 0.7088  tst_acc: 0.7324
1.0000  1.0000
0.7235  0.6941
0.7500  0.6912
222  trn_acc: 1.0000  val_acc: 0.7235  tst_acc: 0.7500
1.0000  1.0000
0.7618  0.6941
0.7794  0.6824
223  trn_acc: 1.0000  val_acc: 0.7618  tst_acc: 0.7794
1.0000  1.0000
0.7529  0.6882
0.7706  0.6794
224  trn_acc: 1.0000  val_acc: 0.7529  tst_acc: 0.7706
0.9985  1.0000
0.7500  0.6941
0.7324  0.6529
225  trn_acc: 0.9985  val_acc: 0.7500  tst_acc: 0.7324
0.9985  1.0000
0.7294  0.6647
0.7441  0.6412
226  trn_acc: 0.9985  val_acc: 0.7294  tst_acc: 0.7441
0.9971  0.9985
0.7294  0.6618
0.7000  0.6471
227  trn_acc: 0.9971  val_acc: 0.7294  tst_acc: 0.7000
0.9985  1.0000
0.7176  0.6647
0.7265  0.6676
228  trn_acc: 0.9985  val_acc: 0.7176  tst_acc: 0.7265
0.9985  1.0000
0.7294  0.6382
0.7412  0.6471
229  trn_acc: 0.9985  val_acc: 0.7294  tst_acc: 0.7412
1.0000  1.0000
0.7265  0.6265
0.7353  0.6206
230  trn_acc: 1.0000  val_acc: 0.7265  tst_acc: 0.7353
1.0000  1.0000
0.7324  0.6853
0.7324  0.6676
231  trn_acc: 1.0000  val_acc: 0.7324  tst_acc: 0.7324
0.9985  0.9985
0.7118  0.6676
0.7000  0.6382
232  trn_acc: 0.9985  val_acc: 0.7118  tst_acc: 0.7000
1.0000  1.0000
0.7265  0.6853
0.7324  0.6471
233  trn_acc: 1.0000  val_acc: 0.7265  tst_acc: 0.7324
1.0000  1.0000
0.7382  0.6794
0.7471  0.6559
234  trn_acc: 1.0000  val_acc: 0.7382  tst_acc: 0.7471
1.0000  1.0000
0.7412  0.6500
0.7265  0.6471
235  trn_acc: 1.0000  val_acc: 0.7412  tst_acc: 0.7265
0.9985  0.9971
0.7088  0.6412
0.7441  0.6765
236  trn_acc: 0.9985  val_acc: 0.7088  tst_acc: 0.7441
0.9985  0.9985
0.7294  0.6353
0.7441  0.6559
237  trn_acc: 0.9985  val_acc: 0.7294  tst_acc: 0.7441
1.0000  1.0000
0.7235  0.6735
0.7382  0.6471
238  trn_acc: 1.0000  val_acc: 0.7235  tst_acc: 0.7382
1.0000  1.0000
0.7441  0.7000
0.7559  0.6559
239  trn_acc: 1.0000  val_acc: 0.7441  tst_acc: 0.7559
0.9529  0.9853
0.6647  0.6412
0.6824  0.6588
240  trn_acc: 0.9529  val_acc: 0.6647  tst_acc: 0.6824
59 0.7412 0.7706 0.9985 1.0000

Doing: 3
(?, 147, 147, 64)
(?, 73, 73, 64)
(?, 71, 71, 192)
(?, 35, 35, 192)
(?, 35, 35, 256)
(?, 35, 35, 288)
(?, 17, 17, 768)
(?, 17, 17, 768)
(?, 17, 17, 768)
(?, 17, 17, 768)
(?, 17)
(?, 8, 8, 1280)
(?, 8, 8, 2048)
(?, 1, 1, 2048)
(?, 17)
0.0588  0.0632
0.0588  0.0559
0.0588  0.0618
1  trn_acc: 0.0588  val_acc: 0.0588  tst_acc: 0.0588
0.0588  0.0588
0.0588  0.0588
0.0588  0.0588
2  trn_acc: 0.0588  val_acc: 0.0588  tst_acc: 0.0588
0.1676  0.2868
0.1588  0.2912
0.1441  0.2412
3  trn_acc: 0.1676  val_acc: 0.1588  tst_acc: 0.1441
0.1971  0.2485
0.2235  0.2735
0.1794  0.2029
4  trn_acc: 0.1971  val_acc: 0.2235  tst_acc: 0.1794
0.4426  0.5676
0.4059  0.5147
0.3971  0.4618
5  trn_acc: 0.4426  val_acc: 0.4059  tst_acc: 0.3971
0.4456  0.6500
0.4235  0.5147
0.4029  0.4971
6  trn_acc: 0.4456  val_acc: 0.4235  tst_acc: 0.4029
0.4559  0.6868
0.4059  0.5147
0.4118  0.5206
7  trn_acc: 0.4559  val_acc: 0.4059  tst_acc: 0.4118
0.5397  0.6809
0.5206  0.5382
0.4971  0.4971
8  trn_acc: 0.5397  val_acc: 0.5206  tst_acc: 0.4971
0.5926  0.7485
0.5471  0.5853
0.5206  0.5353
9  trn_acc: 0.5926  val_acc: 0.5471  tst_acc: 0.5206
0.6059  0.8162
0.5471  0.5794
0.5676  0.5882
10  trn_acc: 0.6059  val_acc: 0.5471  tst_acc: 0.5676
0.6500  0.8176
0.5500  0.5618
0.6029  0.5618
11  trn_acc: 0.6500  val_acc: 0.5500  tst_acc: 0.6029
0.6794  0.8279
0.5853  0.5559
0.6147  0.5735
12  trn_acc: 0.6794  val_acc: 0.5853  tst_acc: 0.6147
0.6118  0.8838
0.5000  0.5824
0.5441  0.6265
13  trn_acc: 0.6118  val_acc: 0.5000  tst_acc: 0.5441
0.6147  0.8544
0.5118  0.5706
0.5059  0.5559
14  trn_acc: 0.6147  val_acc: 0.5118  tst_acc: 0.5059
0.6221  0.7794
0.5265  0.5118
0.5088  0.4647
15  trn_acc: 0.6221  val_acc: 0.5265  tst_acc: 0.5088
0.8279  0.9456
0.6765  0.6529
0.6647  0.6618
16  trn_acc: 0.8279  val_acc: 0.6765  tst_acc: 0.6647
0.8603  0.9088
0.6882  0.6353
0.6971  0.6588
17  trn_acc: 0.8603  val_acc: 0.6882  tst_acc: 0.6971
0.8735  0.9824
0.6882  0.6559
0.7000  0.6735
18  trn_acc: 0.8735  val_acc: 0.6882  tst_acc: 0.7000
0.8882  0.9779
0.7147  0.6529
0.7176  0.7000
19  trn_acc: 0.8882  val_acc: 0.7147  tst_acc: 0.7176
0.8088  0.9794
0.6471  0.6529
0.6059  0.6559
20  trn_acc: 0.8088  val_acc: 0.6471  tst_acc: 0.6059
0.8794  0.9750
0.6735  0.6412
0.6971  0.6706
21  trn_acc: 0.8794  val_acc: 0.6735  tst_acc: 0.6971
0.9000  0.9647
0.6882  0.6294
0.7206  0.6765
22  trn_acc: 0.9000  val_acc: 0.6882  tst_acc: 0.7206
0.9456  0.9750
0.7471  0.6441
0.7324  0.6471
23  trn_acc: 0.9456  val_acc: 0.7471  tst_acc: 0.7324
0.8971  0.9824
0.6618  0.6206
0.7118  0.6765
24  trn_acc: 0.8971  val_acc: 0.6618  tst_acc: 0.7118
0.9412  0.9868
0.6912  0.6441
0.7353  0.6971
25  trn_acc: 0.9412  val_acc: 0.6912  tst_acc: 0.7353
0.9426  0.9647
0.6971  0.6382
0.7324  0.6735
26  trn_acc: 0.9426  val_acc: 0.6971  tst_acc: 0.7324
0.9471  0.9853
0.7235  0.6588
0.7412  0.6382
27  trn_acc: 0.9471  val_acc: 0.7235  tst_acc: 0.7412
0.9824  0.9941
0.7382  0.6382
0.7824  0.7059
28  trn_acc: 0.9824  val_acc: 0.7382  tst_acc: 0.7824
0.9809  0.9971
0.7853  0.6824
0.7647  0.7235
29  trn_acc: 0.9809  val_acc: 0.7853  tst_acc: 0.7647
0.8912  0.9412
0.6735  0.6471
0.6676  0.6824
30  trn_acc: 0.8912  val_acc: 0.6735  tst_acc: 0.6676
0.9544  0.9941
0.7059  0.7000
0.7559  0.7059
31  trn_acc: 0.9544  val_acc: 0.7059  tst_acc: 0.7559
0.9750  0.9971
0.7618  0.6853
0.7676  0.7294
32  trn_acc: 0.9750  val_acc: 0.7618  tst_acc: 0.7676
0.9838  0.9956
0.7647  0.6912
0.7824  0.7029
33  trn_acc: 0.9838  val_acc: 0.7647  tst_acc: 0.7824
0.9544  0.9794
0.7441  0.6706
0.7294  0.7118
34  trn_acc: 0.9544  val_acc: 0.7441  tst_acc: 0.7294
0.9132  0.9868
0.6794  0.6500
0.6941  0.6941
35  trn_acc: 0.9132  val_acc: 0.6794  tst_acc: 0.6941
0.9397  0.9691
0.6971  0.6235
0.7471  0.6853
36  trn_acc: 0.9397  val_acc: 0.6971  tst_acc: 0.7471
0.9265  0.9838
0.6794  0.6559
0.7088  0.6971
37  trn_acc: 0.9265  val_acc: 0.6794  tst_acc: 0.7088
0.9206  0.9956
0.6912  0.6735
0.6765  0.7059
38  trn_acc: 0.9206  val_acc: 0.6912  tst_acc: 0.6765
0.9529  0.9941
0.6912  0.6382
0.7676  0.7118
39  trn_acc: 0.9529  val_acc: 0.6912  tst_acc: 0.7676
0.9926  0.9971
0.7706  0.6882
0.7471  0.6971
40  trn_acc: 0.9926  val_acc: 0.7706  tst_acc: 0.7471
0.9941  0.9956
0.7500  0.6794
0.7882  0.7088
41  trn_acc: 0.9941  val_acc: 0.7500  tst_acc: 0.7882
0.9574  0.9529
0.7118  0.6353
0.7265  0.6676
42  trn_acc: 0.9574  val_acc: 0.7118  tst_acc: 0.7265
0.9897  0.9971
0.7294  0.7118
0.7500  0.7235
43  trn_acc: 0.9897  val_acc: 0.7294  tst_acc: 0.7500
0.9676  1.0000
0.7265  0.6971
0.7147  0.7676
44  trn_acc: 0.9676  val_acc: 0.7265  tst_acc: 0.7147
0.9853  0.9985
0.7382  0.7059
0.7500  0.7176
45  trn_acc: 0.9853  val_acc: 0.7382  tst_acc: 0.7500
0.9912  0.9941
0.7618  0.6706
0.7382  0.6882
46  trn_acc: 0.9912  val_acc: 0.7618  tst_acc: 0.7382
0.9471  0.9971
0.6794  0.6735
0.6706  0.6971
47  trn_acc: 0.9471  val_acc: 0.6794  tst_acc: 0.6706
0.9985  0.9971
0.7765  0.6765
0.7794  0.6971
48  trn_acc: 0.9985  val_acc: 0.7765  tst_acc: 0.7794
0.9324  0.9676
0.6735  0.6265
0.6912  0.6588
49  trn_acc: 0.9324  val_acc: 0.6735  tst_acc: 0.6912
0.9603  0.9912
0.7176  0.6618
0.7441  0.6971
50  trn_acc: 0.9603  val_acc: 0.7176  tst_acc: 0.7441
1.0000  1.0000
0.7529  0.6853
0.7941  0.7324
51  trn_acc: 1.0000  val_acc: 0.7529  tst_acc: 0.7941
0.7897  0.9000
0.6118  0.5912
0.5882  0.6265
52  trn_acc: 0.7897  val_acc: 0.6118  tst_acc: 0.5882
0.9971  0.9971
0.7471  0.6765
0.7824  0.7147
53  trn_acc: 0.9971  val_acc: 0.7471  tst_acc: 0.7824
0.9956  1.0000
0.7794  0.7088
0.7735  0.7471
54  trn_acc: 0.9956  val_acc: 0.7794  tst_acc: 0.7735
0.9529  0.9897
0.6765  0.6735
0.7029  0.6882
55  trn_acc: 0.9529  val_acc: 0.6765  tst_acc: 0.7029
0.9985  1.0000
0.7382  0.6941
0.7882  0.7353
56  trn_acc: 0.9985  val_acc: 0.7382  tst_acc: 0.7882
0.9868  0.9809
0.7471  0.6294
0.7824  0.6500
57  trn_acc: 0.9868  val_acc: 0.7471  tst_acc: 0.7824
0.9985  0.9956
0.7559  0.6824
0.7971  0.7088
58  trn_acc: 0.9985  val_acc: 0.7559  tst_acc: 0.7971
0.9809  0.9912
0.7412  0.6971
0.7882  0.7059
59  trn_acc: 0.9809  val_acc: 0.7412  tst_acc: 0.7882
0.9088  0.9721
0.6588  0.6412
0.6412  0.6676
60  trn_acc: 0.9088  val_acc: 0.6588  tst_acc: 0.6412
0.9765  0.9985
0.7294  0.6647
0.7676  0.7088
61  trn_acc: 0.9765  val_acc: 0.7294  tst_acc: 0.7676
0.9882  0.9956
0.7294  0.6853
0.7676  0.7059
62  trn_acc: 0.9882  val_acc: 0.7294  tst_acc: 0.7676
0.9941  0.9985
0.7500  0.6882
0.7706  0.7353
63  trn_acc: 0.9941  val_acc: 0.7500  tst_acc: 0.7706
0.9971  0.9971
0.7412  0.6706
0.7647  0.7118
64  trn_acc: 0.9971  val_acc: 0.7412  tst_acc: 0.7647
0.9912  0.9971
0.7559  0.6882
0.7765  0.6941
65  trn_acc: 0.9912  val_acc: 0.7559  tst_acc: 0.7765
0.9956  0.9985
0.7588  0.6882
0.7971  0.7059
66  trn_acc: 0.9956  val_acc: 0.7588  tst_acc: 0.7971
0.9912  0.9985
0.7441  0.6765
0.7618  0.7059
67  trn_acc: 0.9912  val_acc: 0.7441  tst_acc: 0.7618
0.9824  0.9956
0.7441  0.6412
0.7765  0.6676
68  trn_acc: 0.9824  val_acc: 0.7441  tst_acc: 0.7765
0.9985  1.0000
0.7676  0.7029
0.8029  0.7235
69  trn_acc: 0.9985  val_acc: 0.7676  tst_acc: 0.8029
0.9985  1.0000
0.7824  0.6853
0.7941  0.6971
70  trn_acc: 0.9985  val_acc: 0.7824  tst_acc: 0.7941
0.9941  0.9971
0.7559  0.6794
0.7559  0.6853
71  trn_acc: 0.9941  val_acc: 0.7559  tst_acc: 0.7559
0.9853  0.9985
0.7500  0.6941
0.7765  0.7118
72  trn_acc: 0.9853  val_acc: 0.7500  tst_acc: 0.7765
0.9971  0.9985
0.7559  0.7059
0.7853  0.7294
73  trn_acc: 0.9971  val_acc: 0.7559  tst_acc: 0.7853
0.9912  0.9912
0.7265  0.6412
0.7941  0.6853
74  trn_acc: 0.9912  val_acc: 0.7265  tst_acc: 0.7941
0.9956  0.9985
0.7441  0.6706
0.8059  0.7059
75  trn_acc: 0.9956  val_acc: 0.7441  tst_acc: 0.8059
0.9897  1.0000
0.7265  0.6618
0.7853  0.7029
76  trn_acc: 0.9897  val_acc: 0.7265  tst_acc: 0.7853
0.9529  0.9735
0.7000  0.6441
0.7294  0.6353
77  trn_acc: 0.9529  val_acc: 0.7000  tst_acc: 0.7294
1.0000  0.9985
0.7765  0.6941
0.7941  0.7000
78  trn_acc: 1.0000  val_acc: 0.7765  tst_acc: 0.7941
0.9809  0.9985
0.7235  0.6441
0.7676  0.6765
79  trn_acc: 0.9809  val_acc: 0.7235  tst_acc: 0.7676
0.9647  0.9853
0.7029  0.6176
0.7559  0.6618
80  trn_acc: 0.9647  val_acc: 0.7029  tst_acc: 0.7559
0.9838  0.9882
0.7206  0.7029
0.7559  0.6824
81  trn_acc: 0.9838  val_acc: 0.7206  tst_acc: 0.7559
0.9926  0.9985
0.7324  0.6647
0.7735  0.7059
82  trn_acc: 0.9926  val_acc: 0.7324  tst_acc: 0.7735
0.9985  0.9971
0.8118  0.6912
0.7765  0.7176
83  trn_acc: 0.9985  val_acc: 0.8118  tst_acc: 0.7765
0.9971  0.9956
0.7618  0.6500
0.7971  0.6971
84  trn_acc: 0.9971  val_acc: 0.7618  tst_acc: 0.7971
1.0000  1.0000
0.7559  0.6853
0.8000  0.7118
85  trn_acc: 1.0000  val_acc: 0.7559  tst_acc: 0.8000
1.0000  1.0000
0.7882  0.7029
0.8206  0.7294
86  trn_acc: 1.0000  val_acc: 0.7882  tst_acc: 0.8206
1.0000  1.0000
0.7588  0.7265
0.8059  0.7353
87  trn_acc: 1.0000  val_acc: 0.7588  tst_acc: 0.8059
0.9824  0.9471
0.7206  0.6000
0.7147  0.6588
88  trn_acc: 0.9824  val_acc: 0.7206  tst_acc: 0.7147
0.9956  0.9985
0.7735  0.6471
0.7882  0.7147
89  trn_acc: 0.9956  val_acc: 0.7735  tst_acc: 0.7882
1.0000  1.0000
0.7412  0.6794
0.7765  0.6912
90  trn_acc: 1.0000  val_acc: 0.7412  tst_acc: 0.7765
0.9794  0.9985
0.6735  0.6471
0.6971  0.6912
91  trn_acc: 0.9794  val_acc: 0.6735  tst_acc: 0.6971
0.9897  0.9971
0.7471  0.6676
0.7912  0.7382
92  trn_acc: 0.9897  val_acc: 0.7471  tst_acc: 0.7912
0.9956  0.9971
0.7647  0.6824
0.7471  0.7235
93  trn_acc: 0.9956  val_acc: 0.7647  tst_acc: 0.7471
0.9868  0.9985
0.7265  0.6735
0.7735  0.7235
94  trn_acc: 0.9868  val_acc: 0.7265  tst_acc: 0.7735
0.9926  0.9985
0.7441  0.6647
0.8029  0.7147
95  trn_acc: 0.9926  val_acc: 0.7441  tst_acc: 0.8029
0.9985  0.9926
0.7618  0.6412
0.7735  0.6941
96  trn_acc: 0.9985  val_acc: 0.7618  tst_acc: 0.7735
0.9985  1.0000
0.7471  0.6559
0.7471  0.7324
97  trn_acc: 0.9985  val_acc: 0.7471  tst_acc: 0.7471
0.9956  1.0000
0.7618  0.6794
0.7853  0.7176
98  trn_acc: 0.9956  val_acc: 0.7618  tst_acc: 0.7853
1.0000  1.0000
0.7647  0.6647
0.7824  0.7265
99  trn_acc: 1.0000  val_acc: 0.7647  tst_acc: 0.7824
0.9897  0.9971
0.7441  0.6706
0.7618  0.7147
100  trn_acc: 0.9897  val_acc: 0.7441  tst_acc: 0.7618
0.9853  1.0000
0.7324  0.7000
0.7324  0.7118
101  trn_acc: 0.9853  val_acc: 0.7324  tst_acc: 0.7324
1.0000  1.0000
0.7676  0.6941
0.7912  0.7265
102  trn_acc: 1.0000  val_acc: 0.7676  tst_acc: 0.7912
0.9956  0.9985
0.7294  0.6853
0.7735  0.7235
103  trn_acc: 0.9956  val_acc: 0.7294  tst_acc: 0.7735
0.9956  0.9956
0.7235  0.6676
0.7176  0.6647
104  trn_acc: 0.9956  val_acc: 0.7235  tst_acc: 0.7176
1.0000  1.0000
0.7529  0.6588
0.8059  0.7059
105  trn_acc: 1.0000  val_acc: 0.7529  tst_acc: 0.8059
0.9985  0.9985
0.7559  0.6765
0.7824  0.7206
106  trn_acc: 0.9985  val_acc: 0.7559  tst_acc: 0.7824
0.9985  0.9985
0.7794  0.6353
0.7912  0.7029
107  trn_acc: 0.9985  val_acc: 0.7794  tst_acc: 0.7912
0.9941  1.0000
0.7971  0.6559
0.7706  0.7059
108  trn_acc: 0.9941  val_acc: 0.7971  tst_acc: 0.7706
0.9985  0.9985
0.7735  0.6706
0.7824  0.7029
109  trn_acc: 0.9985  val_acc: 0.7735  tst_acc: 0.7824
0.9971  0.9971
0.7559  0.6676
0.7735  0.6941
110  trn_acc: 0.9971  val_acc: 0.7559  tst_acc: 0.7735
0.9471  0.9691
0.6529  0.5765
0.6794  0.6441
111  trn_acc: 0.9471  val_acc: 0.6529  tst_acc: 0.6794
0.9985  0.9971
0.7500  0.6735
0.7706  0.6941
112  trn_acc: 0.9985  val_acc: 0.7500  tst_acc: 0.7706
0.9985  0.9985
0.7676  0.6676
0.7824  0.7088
113  trn_acc: 0.9985  val_acc: 0.7676  tst_acc: 0.7824
1.0000  0.9985
0.7618  0.6647
0.7765  0.6794
114  trn_acc: 1.0000  val_acc: 0.7618  tst_acc: 0.7765
0.9456  0.9971
0.6794  0.6559
0.7412  0.7235
115  trn_acc: 0.9456  val_acc: 0.6794  tst_acc: 0.7412
0.9941  0.9971
0.7765  0.6853
0.7765  0.7147
116  trn_acc: 0.9941  val_acc: 0.7765  tst_acc: 0.7765
0.9882  1.0000
0.7176  0.6647
0.7765  0.7206
117  trn_acc: 0.9882  val_acc: 0.7176  tst_acc: 0.7765
0.9971  1.0000
0.7676  0.6676
0.7941  0.6971
118  trn_acc: 0.9971  val_acc: 0.7676  tst_acc: 0.7941
0.9926  1.0000
0.7176  0.6735
0.7794  0.6971
119  trn_acc: 0.9926  val_acc: 0.7176  tst_acc: 0.7794
0.9985  1.0000
0.7647  0.6618
0.7882  0.7059
120  trn_acc: 0.9985  val_acc: 0.7647  tst_acc: 0.7882
0.9956  1.0000
0.7588  0.7000
0.7735  0.7294
121  trn_acc: 0.9956  val_acc: 0.7588  tst_acc: 0.7735
0.9956  1.0000
0.7735  0.6882
0.7794  0.7353
122  trn_acc: 0.9956  val_acc: 0.7735  tst_acc: 0.7794
0.9912  0.9985
0.7176  0.6588
0.7559  0.7059
123  trn_acc: 0.9912  val_acc: 0.7176  tst_acc: 0.7559
1.0000  0.9971
0.7559  0.6706
0.7588  0.6824
124  trn_acc: 1.0000  val_acc: 0.7559  tst_acc: 0.7588
1.0000  1.0000
0.7588  0.6794
0.7353  0.7118
125  trn_acc: 1.0000  val_acc: 0.7588  tst_acc: 0.7353
0.9897  0.9956
0.7324  0.6676
0.7382  0.7029
126  trn_acc: 0.9897  val_acc: 0.7324  tst_acc: 0.7382
0.9868  1.0000
0.7706  0.6912
0.7265  0.7118
127  trn_acc: 0.9868  val_acc: 0.7706  tst_acc: 0.7265
0.9985  1.0000
0.7794  0.7206
0.7706  0.7471
128  trn_acc: 0.9985  val_acc: 0.7794  tst_acc: 0.7706
0.9956  0.9971
0.7618  0.6971
0.7529  0.7647
129  trn_acc: 0.9956  val_acc: 0.7618  tst_acc: 0.7529
0.9956  0.9985
0.7647  0.6735
0.7588  0.7088
130  trn_acc: 0.9956  val_acc: 0.7647  tst_acc: 0.7588
0.9897  0.9956
0.7147  0.6412
0.7382  0.6735
131  trn_acc: 0.9897  val_acc: 0.7147  tst_acc: 0.7382
0.9868  0.9971
0.7088  0.6471
0.7353  0.6765
132  trn_acc: 0.9868  val_acc: 0.7088  tst_acc: 0.7353
0.9926  0.9971
0.7412  0.6765
0.7412  0.7088
133  trn_acc: 0.9926  val_acc: 0.7412  tst_acc: 0.7412
0.9941  1.0000
0.7588  0.7029
0.7382  0.7324
134  trn_acc: 0.9941  val_acc: 0.7588  tst_acc: 0.7382
1.0000  1.0000
0.8059  0.6824
0.7706  0.6971
135  trn_acc: 1.0000  val_acc: 0.8059  tst_acc: 0.7706
1.0000  1.0000
0.8059  0.7088
0.7971  0.7088
136  trn_acc: 1.0000  val_acc: 0.8059  tst_acc: 0.7971
0.9971  1.0000
0.7882  0.6765
0.7853  0.7176
137  trn_acc: 0.9971  val_acc: 0.7882  tst_acc: 0.7853
0.9971  1.0000
0.7529  0.6912
0.7794  0.7324
138  trn_acc: 0.9971  val_acc: 0.7529  tst_acc: 0.7794
0.9868  0.9985
0.7529  0.6824
0.7382  0.7353
139  trn_acc: 0.9868  val_acc: 0.7529  tst_acc: 0.7382
0.9882  1.0000
0.7618  0.6853
0.7235  0.7412
140  trn_acc: 0.9882  val_acc: 0.7618  tst_acc: 0.7235
0.9868  1.0000
0.7647  0.6971
0.7265  0.7529
141  trn_acc: 0.9868  val_acc: 0.7647  tst_acc: 0.7265
1.0000  1.0000
0.7853  0.7235
0.7912  0.7441
142  trn_acc: 1.0000  val_acc: 0.7853  tst_acc: 0.7912
1.0000  1.0000
0.7824  0.7206
0.8235  0.7559
143  trn_acc: 1.0000  val_acc: 0.7824  tst_acc: 0.8235
1.0000  1.0000
0.7765  0.6882
0.8088  0.7265
144  trn_acc: 1.0000  val_acc: 0.7765  tst_acc: 0.8088
0.9956  0.9985
0.7588  0.7088
0.7735  0.7412
145  trn_acc: 0.9956  val_acc: 0.7588  tst_acc: 0.7735
0.9926  1.0000
0.7353  0.6853
0.7765  0.7471
146  trn_acc: 0.9926  val_acc: 0.7353  tst_acc: 0.7765
1.0000  1.0000
0.7500  0.6882
0.7765  0.7382
147  trn_acc: 1.0000  val_acc: 0.7500  tst_acc: 0.7765
0.9926  0.9971
0.7441  0.6853
0.7824  0.7500
148  trn_acc: 0.9926  val_acc: 0.7441  tst_acc: 0.7824
1.0000  1.0000
0.7529  0.6912
0.7794  0.7294
149  trn_acc: 1.0000  val_acc: 0.7529  tst_acc: 0.7794
1.0000  1.0000
0.7853  0.7029
0.7588  0.7382
150  trn_acc: 1.0000  val_acc: 0.7853  tst_acc: 0.7588
0.9971  0.9941
0.7765  0.6794
0.7765  0.7206
151  trn_acc: 0.9971  val_acc: 0.7765  tst_acc: 0.7765
0.9765  0.9706
0.7118  0.6118
0.7529  0.6500
152  trn_acc: 0.9765  val_acc: 0.7118  tst_acc: 0.7529
0.9971  0.9971
0.7559  0.6588
0.7765  0.7000
153  trn_acc: 0.9971  val_acc: 0.7559  tst_acc: 0.7765
0.9971  0.9956
0.7941  0.7118
0.7794  0.7353
154  trn_acc: 0.9971  val_acc: 0.7941  tst_acc: 0.7794
0.9941  1.0000
0.7676  0.6735
0.7853  0.7206
155  trn_acc: 0.9941  val_acc: 0.7676  tst_acc: 0.7853
0.9971  0.9985
0.7559  0.6588
0.7529  0.6735
156  trn_acc: 0.9971  val_acc: 0.7559  tst_acc: 0.7529
1.0000  1.0000
0.7588  0.6765
0.7912  0.7029
157  trn_acc: 1.0000  val_acc: 0.7588  tst_acc: 0.7912
1.0000  1.0000
0.7941  0.6824
0.7882  0.7000
158  trn_acc: 1.0000  val_acc: 0.7941  tst_acc: 0.7882
0.9926  0.9971
0.7265  0.6088
0.7588  0.6324
159  trn_acc: 0.9926  val_acc: 0.7265  tst_acc: 0.7588
1.0000  1.0000
0.7912  0.6794
0.7971  0.6912
160  trn_acc: 1.0000  val_acc: 0.7912  tst_acc: 0.7971
1.0000  1.0000
0.7882  0.6706
0.7941  0.7029
161  trn_acc: 1.0000  val_acc: 0.7882  tst_acc: 0.7941
0.9294  0.9515
0.7265  0.6147
0.6765  0.6441
162  trn_acc: 0.9294  val_acc: 0.7265  tst_acc: 0.6765
1.0000  1.0000
0.7647  0.6676
0.8000  0.7118
163  trn_acc: 1.0000  val_acc: 0.7647  tst_acc: 0.8000
1.0000  1.0000
0.7882  0.6676
0.7706  0.7324
164  trn_acc: 1.0000  val_acc: 0.7882  tst_acc: 0.7706
1.0000  1.0000
0.8147  0.6824
0.8029  0.7412
165  trn_acc: 1.0000  val_acc: 0.8147  tst_acc: 0.8029
1.0000  0.9971
0.7853  0.6853
0.8059  0.7088
166  trn_acc: 1.0000  val_acc: 0.7853  tst_acc: 0.8059
1.0000  1.0000
0.7529  0.6735
0.8000  0.7206
167  trn_acc: 1.0000  val_acc: 0.7529  tst_acc: 0.8000
1.0000  1.0000
0.7706  0.6676
0.8000  0.7294
168  trn_acc: 1.0000  val_acc: 0.7706  tst_acc: 0.8000
0.9971  1.0000
0.7794  0.6676
0.7588  0.7088
169  trn_acc: 0.9971  val_acc: 0.7794  tst_acc: 0.7588
0.9985  1.0000
0.7324  0.6647
0.7735  0.6735
170  trn_acc: 0.9985  val_acc: 0.7324  tst_acc: 0.7735
0.9985  1.0000
0.7647  0.6824
0.7735  0.6853
171  trn_acc: 0.9985  val_acc: 0.7647  tst_acc: 0.7735
0.9985  0.9985
0.7471  0.6735
0.7941  0.7088
172  trn_acc: 0.9985  val_acc: 0.7471  tst_acc: 0.7941
0.9956  1.0000
0.7382  0.6706
0.7647  0.7118
173  trn_acc: 0.9956  val_acc: 0.7382  tst_acc: 0.7647
0.9985  1.0000
0.7735  0.6559
0.7971  0.6735
174  trn_acc: 0.9985  val_acc: 0.7735  tst_acc: 0.7971
0.9956  1.0000
0.7853  0.7000
0.7588  0.7000
175  trn_acc: 0.9956  val_acc: 0.7853  tst_acc: 0.7588
1.0000  0.9985
0.7647  0.6618
0.8000  0.6618
176  trn_acc: 1.0000  val_acc: 0.7647  tst_acc: 0.8000
1.0000  0.9985
0.7647  0.6824
0.7912  0.7029
177  trn_acc: 1.0000  val_acc: 0.7647  tst_acc: 0.7912
0.9971  1.0000
0.7824  0.6794
0.8000  0.7118
178  trn_acc: 0.9971  val_acc: 0.7824  tst_acc: 0.8000
0.9985  1.0000
0.7912  0.7059
0.7941  0.7265
179  trn_acc: 0.9985  val_acc: 0.7912  tst_acc: 0.7941
0.9941  0.9971
0.7735  0.6471
0.7853  0.6941
180  trn_acc: 0.9941  val_acc: 0.7735  tst_acc: 0.7853
0.9706  0.9926
0.7147  0.6471
0.6824  0.6853
181  trn_acc: 0.9706  val_acc: 0.7147  tst_acc: 0.6824
0.9985  1.0000
0.7647  0.6912
0.7912  0.7294
182  trn_acc: 0.9985  val_acc: 0.7647  tst_acc: 0.7912
0.9985  1.0000
0.7324  0.6765
0.7912  0.7353
183  trn_acc: 0.9985  val_acc: 0.7324  tst_acc: 0.7912
1.0000  1.0000
0.8000  0.6735
0.8000  0.7324
184  trn_acc: 1.0000  val_acc: 0.8000  tst_acc: 0.8000
0.9956  1.0000
0.7382  0.6500
0.7471  0.7235
185  trn_acc: 0.9956  val_acc: 0.7382  tst_acc: 0.7471
1.0000  1.0000
0.7676  0.6706
0.7765  0.7412
186  trn_acc: 1.0000  val_acc: 0.7676  tst_acc: 0.7765
1.0000  1.0000
0.7765  0.6765
0.8059  0.7588
187  trn_acc: 1.0000  val_acc: 0.7765  tst_acc: 0.8059
1.0000  1.0000
0.8029  0.6882
0.7912  0.7500
188  trn_acc: 1.0000  val_acc: 0.8029  tst_acc: 0.7912
0.9985  0.9985
0.7676  0.6824
0.7765  0.7353
189  trn_acc: 0.9985  val_acc: 0.7676  tst_acc: 0.7765
1.0000  0.9985
0.7794  0.6647
0.7882  0.7294
190  trn_acc: 1.0000  val_acc: 0.7794  tst_acc: 0.7882
1.0000  0.9971
0.7588  0.6765
0.7912  0.7118
191  trn_acc: 1.0000  val_acc: 0.7588  tst_acc: 0.7912
1.0000  1.0000
0.7882  0.6706
0.8000  0.7353
192  trn_acc: 1.0000  val_acc: 0.7882  tst_acc: 0.8000
0.9985  1.0000
0.7941  0.6647
0.7735  0.7059
193  trn_acc: 0.9985  val_acc: 0.7941  tst_acc: 0.7735
1.0000  1.0000
0.7971  0.6529
0.7971  0.7059
194  trn_acc: 1.0000  val_acc: 0.7971  tst_acc: 0.7971
1.0000  0.9985
0.7559  0.6735
0.7824  0.7000
195  trn_acc: 1.0000  val_acc: 0.7559  tst_acc: 0.7824
1.0000  0.9985
0.7471  0.6794
0.7735  0.6882
196  trn_acc: 1.0000  val_acc: 0.7471  tst_acc: 0.7735
0.9971  0.9926
0.7529  0.6647
0.7882  0.6676
197  trn_acc: 0.9971  val_acc: 0.7529  tst_acc: 0.7882
0.9941  1.0000
0.7559  0.6735
0.7618  0.6912
198  trn_acc: 0.9941  val_acc: 0.7559  tst_acc: 0.7618
0.9985  1.0000
0.7500  0.6794
0.7882  0.6912
199  trn_acc: 0.9985  val_acc: 0.7500  tst_acc: 0.7882
0.9926  0.9971
0.7794  0.6588
0.7882  0.6853
200  trn_acc: 0.9926  val_acc: 0.7794  tst_acc: 0.7882
0.9985  0.9985
0.7676  0.6588
0.7971  0.7059
201  trn_acc: 0.9985  val_acc: 0.7676  tst_acc: 0.7971
0.9985  1.0000
0.7647  0.6853
0.7735  0.7147
202  trn_acc: 0.9985  val_acc: 0.7647  tst_acc: 0.7735
1.0000  1.0000
0.7706  0.6882
0.7735  0.7029
203  trn_acc: 1.0000  val_acc: 0.7706  tst_acc: 0.7735
0.9971  1.0000
0.7824  0.6794
0.7706  0.7059
204  trn_acc: 0.9971  val_acc: 0.7824  tst_acc: 0.7706
1.0000  1.0000
0.8029  0.6882
0.7706  0.7059
205  trn_acc: 1.0000  val_acc: 0.8029  tst_acc: 0.7706
0.9971  1.0000
0.7882  0.6676
0.7882  0.7176
206  trn_acc: 0.9971  val_acc: 0.7882  tst_acc: 0.7882
0.9985  0.9985
0.7500  0.6735
0.7765  0.6765
207  trn_acc: 0.9985  val_acc: 0.7500  tst_acc: 0.7765
1.0000  1.0000
0.7765  0.6647
0.7794  0.7235
208  trn_acc: 1.0000  val_acc: 0.7765  tst_acc: 0.7794
1.0000  1.0000
0.7794  0.6706
0.7971  0.7294
209  trn_acc: 1.0000  val_acc: 0.7794  tst_acc: 0.7971
1.0000  1.0000
0.7765  0.6676
0.8029  0.7294
210  trn_acc: 1.0000  val_acc: 0.7765  tst_acc: 0.8029
1.0000  1.0000
0.8029  0.6912
0.8088  0.7235
211  trn_acc: 1.0000  val_acc: 0.8029  tst_acc: 0.8088
1.0000  1.0000
0.7941  0.6941
0.8088  0.7265
212  trn_acc: 1.0000  val_acc: 0.7941  tst_acc: 0.8088
1.0000  0.9985
0.7706  0.6676
0.7824  0.7324
213  trn_acc: 1.0000  val_acc: 0.7706  tst_acc: 0.7824
1.0000  1.0000
0.7765  0.6676
0.7824  0.7206
214  trn_acc: 1.0000  val_acc: 0.7765  tst_acc: 0.7824
0.9956  0.9956
0.7235  0.6206
0.7324  0.6676
215  trn_acc: 0.9956  val_acc: 0.7235  tst_acc: 0.7324
1.0000  1.0000
0.7559  0.6706
0.7735  0.7059
216  trn_acc: 1.0000  val_acc: 0.7559  tst_acc: 0.7735
1.0000  1.0000
0.7853  0.6735
0.7706  0.7029
217  trn_acc: 1.0000  val_acc: 0.7853  tst_acc: 0.7706
0.9956  0.9971
0.7324  0.6382
0.7765  0.6912
218  trn_acc: 0.9956  val_acc: 0.7324  tst_acc: 0.7765
0.9912  0.9971
0.7294  0.6559
0.7412  0.6824
219  trn_acc: 0.9912  val_acc: 0.7294  tst_acc: 0.7412
0.9985  0.9971
0.7324  0.6647
0.7882  0.7265
220  trn_acc: 0.9985  val_acc: 0.7324  tst_acc: 0.7882
1.0000  1.0000
0.7471  0.6706
0.7853  0.7176
221  trn_acc: 1.0000  val_acc: 0.7471  tst_acc: 0.7853
1.0000  0.9971
0.7559  0.6235
0.7588  0.6588
222  trn_acc: 1.0000  val_acc: 0.7559  tst_acc: 0.7588
1.0000  1.0000
0.7765  0.6618
0.7853  0.7471
223  trn_acc: 1.0000  val_acc: 0.7765  tst_acc: 0.7853
1.0000  1.0000
0.7706  0.6853
0.7676  0.7265
224  trn_acc: 1.0000  val_acc: 0.7706  tst_acc: 0.7676
0.9985  1.0000
0.7706  0.6941
0.8000  0.7265
225  trn_acc: 0.9985  val_acc: 0.7706  tst_acc: 0.8000
1.0000  0.9985
0.7824  0.6676
0.7971  0.7147
226  trn_acc: 1.0000  val_acc: 0.7824  tst_acc: 0.7971
1.0000  1.0000
0.7824  0.6882
0.7912  0.7147
227  trn_acc: 1.0000  val_acc: 0.7824  tst_acc: 0.7912
1.0000  0.9985
0.7382  0.6176
0.7441  0.6794
228  trn_acc: 1.0000  val_acc: 0.7382  tst_acc: 0.7441
0.9971  0.9985
0.7353  0.6706
0.7647  0.7059
229  trn_acc: 0.9971  val_acc: 0.7353  tst_acc: 0.7647
1.0000  1.0000
0.7588  0.6971
0.7882  0.7000
230  trn_acc: 1.0000  val_acc: 0.7588  tst_acc: 0.7882
0.9941  0.9971
0.7765  0.6735
0.7647  0.6971
231  trn_acc: 0.9941  val_acc: 0.7765  tst_acc: 0.7647
0.9971  0.9956
0.7471  0.6559
0.7706  0.6882
232  trn_acc: 0.9971  val_acc: 0.7471  tst_acc: 0.7706
1.0000  1.0000
0.7824  0.6824
0.8000  0.7176
233  trn_acc: 1.0000  val_acc: 0.7824  tst_acc: 0.8000
1.0000  1.0000
0.7382  0.6559
0.8059  0.7235
234  trn_acc: 1.0000  val_acc: 0.7382  tst_acc: 0.8059
1.0000  1.0000
0.7676  0.6941
0.8265  0.7294
235  trn_acc: 1.0000  val_acc: 0.7676  tst_acc: 0.8265
0.9971  0.9985
0.7353  0.6588
0.7706  0.6971
236  trn_acc: 0.9971  val_acc: 0.7353  tst_acc: 0.7706
0.9912  0.9985
0.7618  0.6529
0.7618  0.6912
237  trn_acc: 0.9912  val_acc: 0.7618  tst_acc: 0.7618
1.0000  0.9985
0.7706  0.6765
0.7971  0.7176
238  trn_acc: 1.0000  val_acc: 0.7706  tst_acc: 0.7971
0.9956  0.9971
0.7853  0.6618
0.7853  0.7000
239  trn_acc: 0.9956  val_acc: 0.7853  tst_acc: 0.7853
0.9926  1.0000
0.7735  0.6824
0.7294  0.6882
240  trn_acc: 0.9926  val_acc: 0.7735  tst_acc: 0.7294
165 0.8029 0.8147 1.0000 1.0000
0.7833 0.7775




